1124, 1125, 1126, 1127, 1156, 1157, 1158, 1159, 1124, 1125, 1126, 1127, 1156, 1157, 1158, 1159, 1124, 1125, 1126, 1127, 1156, 1157, 1158, 1159, 1124, 1125, 1126, 1127, 1156, 1157, 1158, 1159, 1157, 1158, 1159, 1158, 1159, 1124, 1125, 1126, 1127, 1156, 1157, 1158, 1159, 1126, 1127, 1156, 1157, 1158, 1159, 1124, 1125, 1126, 1127, 1156, 1157, 1158, 1159, 1157, 1158, 1159, 1124, 1125, 1126, 1127, 1156, 1157, 1158, 1159, 1157, 1158, 1159, 1124, 1125, 1126, 1127, 1156, 1157, 1158
1124, 1125, 1126, 1127, 1156, 1157, 1158, 1159, 1124, 1125, 1126, 1127, 1156, 1157, 1158, 1159, 1124, 1125, 1126, 1127, 1156, 1157, 1158, 1159, 1124, 1125, 1126, 1127, 1156, 1157, 1158, 1159, 1157, 1158, 1159, 1158, 1159, 1124, 1125, 1126, 1127, 1156, 1157, 1158, 1159, 1126, 1127, 1156, 1157, 1158, 1159, 1124, 1125, 1126, 1127, 1156, 1157, 1158, 1159, 1157, 1158, 1159, 1124, 1125, 1126, 1127, 1156, 1157, 1158, 1159, 1156, 1157, 1158, 1159, 1124, 1125, 1126, 1127, 1156, 1157
1124, 1125, 1126, 1127, 1156, 1157, 1158, 1159, 1124, 1125, 1126, 1127, 1156, 1157, 1158, 1159, 1124, 1125, 1126, 1127, 1156, 1157, 1158, 1159, 1124, 1125, 1126, 1127, 1156, 1157, 1158, 1159, 1157, 1158, 1159, 1158, 1159, 1124, 1125, 1126, 1127, 1156, 1157, 1158, 1159, 1126, 1127, 1156, 1157, 1158, 1159, 1124, 1125, 1126, 1127, 1156, 1157, 1158, 1159, 1157, 1158, 1159, 1124, 1125, 1126, 1127, 1156, 1157, 1158, 1159, 1127, 1156, 1157, 1158, 1159, 1124, 1125, 1126, 1127, 1156
1124, 1125, 1126, 1127, 1156, 1157, 1158, 1159, 1124, 1125, 1126, 1127, 1156, 1157, 1158, 1159, 1124, 1125, 1126, 1127, 1156, 1157, 1158, 1159, 1124, 1125, 1126, 1127, 1156, 1157, 1158, 1159, 1157, 1158, 1159, 1158, 1159, 1124, 1125, 1126, 1127, 1156, 1157, 1158, 1159, 1126, 1127, 1156, 1157, 1158, 1159, 1124, 1125, 1126, 1127, 1156, 1157, 1158, 1159, 1157, 1158, 1159, 1124, 1125, 1126, 1127, 1156, 1157, 1158, 1159, 1126, 1127, 1156, 1157, 1158, 1159, 1124, 1125, 1126, 1127
1124, 1125, 1126, 1127, 1156, 1157, 1158, 1159, 1124, 1125, 1126, 1127, 1156, 1157, 1158, 1159, 1124, 1125, 1126, 1127, 1156, 1157, 1158, 1159, 1124, 1125, 1126, 1127, 1156, 1157, 1158, 1159, 1157, 1158, 1159, 1158, 1159, 1124, 1125, 1126, 1127, 1156, 1157, 1158, 1159, 1126, 1127, 1156, 1157, 1158, 1159, 1124, 1125, 1126, 1127, 1156, 1157, 1158, 1159, 1157, 1158, 1159, 1124, 1125, 1126, 1127, 1156, 1157, 1158, 1159, 1125, 1126, 1127, 1156, 1157, 1158, 1159, 1124, 1125, 1126
1124, 1125, 1126, 1127, 1156, 1157, 1158, 1159, 1124, 1125, 1126, 1127, 1156, 1157, 1158, 1159, 1124, 1125, 1126, 1127, 1156, 1157, 1158, 1159, 1124, 1125, 1126, 1127, 1156, 1157, 1158, 1159, 1157, 1158, 1159, 1158, 1159, 1124, 1125, 1126, 1127, 1156, 1157, 1158, 1159, 1126, 1127, 1156, 1157, 1158, 1159, 1124, 1125, 1126, 1127, 1156, 1157, 1158, 1159, 1157, 1158, 1159, 1124, 1125, 1126, 1127, 1156, 1157, 1158, 1159, 1124, 1125, 1126, 1127, 1156, 1157, 1158, 1159, 1124, 1125
1124, 1125, 1126, 1127, 1156, 1157, 1158, 1159, 1124, 1125, 1126, 1127, 1156, 1157, 1158, 1159, 1124, 1125, 1126, 1127, 1156, 1157, 1158, 1159, 1124, 1125, 1126, 1127, 1156, 1157, 1158, 1159, 1157, 1158, 1159, 1158, 1159, 1124, 1125, 1126, 1127, 1156, 1157, 1158, 1159, 1126, 1127, 1156, 1157, 1158, 1159, 1124, 1125, 1126, 1127, 1156, 1157, 1158, 1159, 1157, 1158, 1159, 1124, 1125, 1126, 1127, 1156, 1157, 1158, 1159, 1159, 1124, 1125, 1126, 1127, 1156, 1157, 1158, 1159, 1124
1124, 1125, 1126, 1127, 1156, 1157, 1158, 1159, 1124, 1125, 1126, 1127, 1156, 1157, 1124, 1125, 1124, 1125, 1126, 1127, 1156, 1157, 1158, 1159, 1124, 1125, 1126, 1127, 1156, 1157, 1158, 1159, 1157, 1158, 1159, 1158, 1159, 1124, 1125, 1126, 1127, 1156, 1157, 1158, 1159, 1126, 1127, 1156, 1157, 1158, 1159, 1124, 1125, 1126, 1127, 1156, 1157, 1158, 1159, 1157, 1158, 1159, 1124, 1125, 1126, 1127, 1156, 1157, 1158, 1159, 1158, 1159, 1124, 1125, 1126, 1127, 1156, 1157, 1158, 1159
1124, 1125, 1126, 1127, 1156, 1157, 1158, 1159, 1124, 1125, 1126, 1127, 1156, 1157, 1124, 1125, 1124, 1125, 1126, 1127, 1156, 1157, 1158, 1159, 1124, 1125, 1126, 1127, 1156, 1157, 1158, 1159, 1157, 1158, 1159, 1158, 1159, 1124, 1125, 1126, 1127, 1156, 1157, 1158, 1159, 1126, 1127, 1156, 1157, 1158, 1159, 1124, 1125, 1126, 1127, 1156, 1157, 1158, 1159, 1157, 1158, 1159, 1124, 1125, 1126, 1127, 1156, 1157, 1158, 1159, 1157, 1158, 1159, 1124, 1125, 1126, 1127, 1156, 1157, 1158
1124, 1125, 1126, 1127, 1156, 1157, 1158, 1159, 1124, 1125, 1126, 1127, 1156, 1157, 1124, 1125, 1124, 1125, 1126, 1127, 1156, 1157, 1158, 1159, 1124, 1125, 1126, 1127, 1156, 1157, 1158, 1159, 1157, 1158, 1159, 1158, 1159, 1124, 1125, 1126, 1127, 1156, 1157, 1158, 1159, 1126, 1127, 1156, 1157, 1158, 1159, 1124, 1125, 1126, 1127, 1156, 1157, 1158, 1159, 1157, 1158, 1159, 1124, 1125, 1126, 1127, 1156, 1157, 1158, 1159, 1156, 1157, 1158, 1159, 1124, 1125, 1126, 1127, 1156, 1157
1124, 1125, 1126, 1127, 1156, 1157, 1158, 1159, 1124, 1125, 1126, 1127, 1156, 1157, 1124, 1125, 1124, 1125, 1126, 1127, 1156, 1157, 1158, 1159, 1124, 1125, 1126, 1127, 1156, 1157, 1158, 1159, 1157, 1158, 1159, 1158, 1159, 1124, 1125, 1126, 1127, 1156, 1157, 1158, 1159, 1126, 1127, 1156, 1157, 1158, 1159, 1124, 1125, 1126, 1127, 1156, 1157, 1158, 1159, 1157, 1158, 1159, 1124, 1125, 1126, 1127, 1156, 1157, 1158, 1159, 1127, 1156, 1157, 1158, 1159, 1124, 1125, 1126, 1127, 1156
1124, 1125, 1126, 1127, 1156, 1157, 1158, 1159, 1124, 1125, 1126, 1127, 1156, 1157, 1124, 1125, 1124, 1125, 1126, 1127, 1156, 1157, 1158, 1159, 1124, 1125, 1126, 1127, 1156, 1157, 1158, 1159, 1157, 1158, 1159, 1158, 1159, 1124, 1125, 1126, 1127, 1156, 1157, 1158, 1159, 1126, 1127, 1156, 1157, 1158, 1159, 1124, 1125, 1126, 1127, 1156, 1157, 1158, 1159, 1157, 1158, 1159, 1124, 1125, 1126, 1127, 1156, 1157, 1158, 1159, 1126, 1127, 1156, 1157, 1158, 1159, 1124, 1125, 1126, 1127
1124, 1125, 1126, 1127, 1156, 1157, 1158, 1159, 1124, 1125, 1126, 1127, 1156, 1157, 1124, 1125, 1124, 1125, 1126, 1127, 1156, 1157, 1158, 1159, 1124, 1125, 1126, 1127, 1156, 1157, 1158, 1159, 1157, 1158, 1159, 1158, 1159, 1124, 1125, 1126, 1127, 1156, 1157, 1158, 1159, 1126, 1127, 1156, 1157, 1158, 1159, 1124, 1125, 1126, 1127, 1156, 1157, 1158, 1159, 1157, 1158, 1159, 1124, 1125, 1126, 1127, 1156, 1157, 1158, 1159, 1125, 1126, 1127, 1156, 1157, 1158, 1159, 1124, 1125, 1126
1124, 1125, 1126, 1127, 1156, 1157, 1158, 1159, 1124, 1125, 1126, 1127, 1156, 1157, 1124, 1125, 1124, 1125, 1126, 1127, 1156, 1157, 1158, 1159, 1124, 1125, 1126, 1127, 1156, 1157, 1124, 1125, 1126, 1127, 1156, 1157, 1158, 1159, 1124, 1125, 1126, 1127, 1156, 1157, 1158, 1159, 1127, 1156, 1157, 1158, 1159, 1124, 1125, 1126, 1127, 1156, 1157, 1158, 1159, 1157, 1158, 1159, 1124, 1125, 1126, 1127, 1156, 1157, 1158, 1159, 1124, 1125, 1126, 1127, 1156, 1157, 1158, 1159, 1124, 1125
1124, 1125, 1126, 1127, 1156, 1157, 1158, 1159, 1124, 1125, 1126, 1127, 1156, 1157, 1124, 1125, 1124, 1125, 1126, 1127, 1156, 1157, 1158, 1159, 1124, 1125, 1126, 1127, 1156, 1157, 1124, 1125, 1126, 1127, 1156, 1157, 1158, 1159, 1124, 1125, 1126, 1127, 1156, 1157, 1158, 1159, 1127, 1156, 1157, 1158, 1159, 1124, 1125, 1126, 1127, 1156, 1157, 1158, 1159, 1157, 1158, 1159, 1124, 1125, 1126, 1127, 1156, 1157, 1158, 1159, 1159, 1124, 1125, 1126, 1127, 1156, 1157, 1158, 1159, 1124
1124, 1125, 1126, 1127, 1156, 1157, 1158, 1159, 1124, 1125, 1126, 1127, 1156, 1157, 1158, 1159, 1124, 1125, 1126, 1127, 1156, 1157, 1158, 1159, 1124, 1125, 1126, 1127, 1156, 1157, 1124, 1125, 1126, 1127, 1156, 1157, 1158, 1159, 1124, 1125, 1126, 1127, 1156, 1157, 1158, 1159, 1127, 1156, 1157, 1158, 1159, 1124, 1125, 1126, 1127, 1156, 1157, 1158, 1159, 1157, 1158, 1159, 1124, 1125, 1126, 1127, 1156, 1157, 1158, 1159, 1158, 1159, 1124, 1125, 1126, 1127, 1156, 1157, 1158, 1159
1124, 1125, 1126, 1127, 1156, 1157, 1158, 1159, 1159, 1159, 1124, 1125, 1126, 1127, 1156, 1157, 1158, 1159, 1157, 1158, 1159, 1125, 1126, 1127, 1156, 1157, 1158, 1159, 1157, 1158, 1124, 1125, 1126, 1127, 1156, 1157, 1158, 1159, 1124, 1125, 1126, 1127, 1156, 1157, 1158, 1159, 1127, 1156, 1157, 1124, 1125, 1126, 1127, 1156, 1157, 1158, 1159, 1124, 1125, 1126, 1127, 1156, 1157, 1124, 1125, 1126, 1124, 1125, 1126, 1127, 1156, 1157, 1158, 1159, 1124, 1125, 1126, 1127, 1156, 1157
1124, 1125, 1126, 1127, 1156, 1157, 1158, 1159, 1159, 1159, 1124, 1125, 1126, 1127, 1156, 1157, 1158, 1159, 1157, 1158, 1159, 1125, 1126, 1127, 1156, 1157, 1158, 1159, 1157, 1158, 1124, 1125, 1126, 1127, 1156, 1157, 1158, 1159, 1124, 1125, 1126, 1127, 1156, 1157, 1158, 1159, 1127, 1156, 1157, 1124, 1125, 1126, 1127, 1156, 1157, 1158, 1159, 1124, 1125, 1126, 1127, 1156, 1157, 1124, 1125, 1126, 1158, 1159, 1124, 1125, 1126, 1127, 1156, 1157, 1158, 1159, 1124, 1125, 1126, 1127
1124, 1125, 1126, 1127, 1156, 1157, 1158, 1159, 1159, 1159, 1124, 1125, 1126, 1127, 1156, 1157, 1158, 1159, 1157, 1158, 1159, 1125, 1126, 1127, 1156, 1157, 1158, 1159, 1157, 1158, 1124, 1125, 1126, 1127, 1156, 1157, 1158, 1159, 1124, 1125, 1126, 1127, 1156, 1157, 1158, 1159, 1127, 1156, 1157, 1124, 1125, 1126, 1127, 1124, 1125, 1126, 1127, 1156, 1157, 1158, 1159, 1124, 1125, 1126, 1127, 1156, 1157, 1158, 1159, 1159, 1124, 1125, 1126, 1127, 1156, 1157, 1158, 1159, 1124, 1125
1124, 1125, 1126, 1127, 1156, 1157, 1158, 1159, 1159, 1159, 1124, 1125, 1126, 1127, 1156, 1157, 1158, 1159, 1157, 1158, 1159, 1125, 1126, 1127, 1156, 1157, 1158, 1159, 1157, 1158, 1124, 1125, 1126, 1127, 1156, 1157, 1158, 1159, 1124, 1125, 1126, 1127, 1156, 1157, 1158, 1159, 1127, 1156, 1157, 1124, 1125, 1126, 1127, 1124, 1125, 1126, 1127, 1156, 1157, 1158, 1159, 1124, 1125, 1126, 1127, 1156, 1157, 1158, 1159, 1156, 1157, 1158, 1159, 1124, 1125, 1126, 1127, 1156, 1157, 1158
1124, 1125, 1126, 1127, 1156, 1157, 1158, 1159, 1159, 1159, 1124, 1125, 1126, 1127, 1156, 1157, 1158, 1159, 1157, 1158, 1159, 1125, 1126, 1127, 1156, 1157, 1158, 1159, 1157, 1158, 1124, 1125, 1126, 1127, 1156, 1157, 1158, 1159, 1124, 1125, 1126, 1127, 1124, 1125, 1126, 1127, 1156, 1157, 1158, 1159, 1124, 1125, 1126, 1127, 1156, 1157, 1158, 1159, 1157, 1158, 1159, 1124, 1125, 1126, 1127, 1156, 1157, 1158, 1159, 1127, 1156, 1157, 1158, 1159, 1124, 1125, 1126, 1127, 1156, 1157
1124, 1125, 1126, 1127, 1156, 1157, 1158, 1159, 1159, 1159, 1124, 1125, 1126, 1127, 1156, 1157, 1158, 1159, 1157, 1158, 1159, 1125, 1126, 1127, 1156, 1157, 1158, 1159, 1157, 1158, 1124, 1125, 1126, 1127, 1156, 1157, 1158, 1159, 1124, 1125, 1126, 1127, 1124, 1125, 1126, 1127, 1156, 1157, 1158, 1159, 1124, 1125, 1126, 1127, 1156, 1157, 1158, 1159, 1157, 1158, 1159, 1124, 1125, 1126, 1127, 1156, 1157, 1158, 1159, 1126, 1127, 1156, 1157, 1158, 1159, 1124, 1125, 1126, 1127, 1156
1124, 1125, 1126, 1127, 1156, 1157, 1158, 1159, 1159, 1159, 1124, 1125, 1126, 1127, 1156, 1157, 1158, 1159, 1157, 1158, 1159, 1125, 1126, 1127, 1156, 1157, 1158, 1159, 1127, 1156, 1124, 1125, 1126, 1127, 1156, 1157, 1158, 1159, 1124, 1125, 1126, 1127, 1124, 1125, 1126, 1127, 1156, 1157, 1158, 1159, 1124, 1125, 1126, 1127, 1156, 1157, 1158, 1159, 1157, 1158, 1159, 1124, 1125, 1126, 1127, 1156, 1157, 1158, 1159, 1125, 1126, 1127, 1156, 1157, 1158, 1159, 1124, 1125, 1126, 1127
1124, 1125, 1126, 1127, 1156, 1157, 1158, 1159, 1125, 1126, 1127, 1156, 1157, 1158, 1159, 1156, 1157, 1158, 1159, 1126, 1127, 1156, 1157, 1158, 1159, 1157, 1158, 1159, 1127, 1156, 1124, 1125, 1126, 1127, 1156, 1157, 1158, 1159, 1124, 1125, 1126, 1127, 1124, 1125, 1126, 1127, 1156, 1157, 1158, 1159, 1124, 1125, 1126, 1127, 1156, 1157, 1158, 1159, 1157, 1158, 1159, 1124, 1125, 1126, 1127, 1156, 1157, 1158, 1159, 1124, 1125, 1126, 1127, 1156, 1157, 1158, 1159, 1124, 1125, 1126
1124, 1125, 1126, 1127, 1156, 1157, 1158, 1159, 1125, 1126, 1127, 1156, 1157, 1158, 1159, 1156, 1157, 1158, 1159, 1126, 1127, 1156, 1157, 1158, 1159, 1126, 1127, 1156, 1157, 1158, 1124, 1125, 1126, 1127, 1156, 1157, 1158, 1159, 1124, 1125, 1126, 1127, 1124, 1125, 1126, 1127, 1156, 1157, 1158, 1159, 1124, 1125, 1126, 1127, 1156, 1157, 1158, 1159, 1157, 1158, 1159, 1124, 1125, 1126, 1127, 1156, 1157, 1158, 1159, 1159, 1124, 1125, 1126, 1127, 1156, 1157, 1158, 1159, 1124, 1125
1124, 1125, 1126, 1127, 1156, 1157, 1158, 1159, 1125, 1126, 1127, 1156, 1157, 1158, 1159, 1156, 1157, 1158, 1159, 1126, 1127, 1156, 1157, 1158, 1159, 1126, 1127, 1156, 1157, 1158, 1124, 1125, 1126, 1127, 1156, 1157, 1158, 1159, 1124, 1125, 1126, 1127, 1124, 1125, 1126, 1127, 1156, 1157, 1158, 1159, 1124, 1125, 1126, 1127, 1156, 1157, 1158, 1159, 1157, 1158, 1159, 1124, 1125, 1126, 1127, 1156, 1157, 1158, 1159, 1158, 1159, 1124, 1125, 1126, 1127, 1156, 1157, 1158, 1159, 1124
1124, 1125, 1126, 1127, 1156, 1157, 1158, 1159, 1125, 1126, 1127, 1156, 1157, 1158, 1159, 1156, 1157, 1158, 1159, 1126, 1127, 1156, 1157, 1158, 1159, 1126, 1127, 1156, 1157, 1158, 1124, 1125, 1126, 1127, 1156, 1157, 1158, 1159, 1124, 1125, 1126, 1127, 1124, 1125, 1126, 1127, 1156, 1157, 1158, 1159, 1124, 1125, 1126, 1127, 1156, 1157, 1158, 1159, 1157, 1158, 1159, 1124, 1125, 1126, 1127, 1156, 1157, 1158, 1159, 1157, 1158, 1159, 1124, 1125, 1126, 1127, 1156, 1157, 1158, 1159
1124, 1125, 1126, 1127, 1156, 1157, 1158, 1159, 1125, 1126, 1127, 1156, 1157, 1158, 1159, 1156, 1157, 1158, 1159, 1126, 1127, 1156, 1157, 1158, 1159, 1126, 1127, 1156, 1157, 1158, 1124, 1125, 1126, 1127, 1156, 1157, 1158, 1159, 1124, 1125, 1126, 1127, 1124, 1125, 1126, 1127, 1156, 1157, 1158, 1159, 1124, 1125, 1126, 1127, 1156, 1157, 1158, 1159, 1157, 1158, 1159, 1124, 1125, 1126, 1127, 1156, 1157, 1158, 1159, 1156, 1157, 1158, 1159, 1124, 1125, 1126, 1127, 1156, 1157, 1158
1124, 1125, 1126, 1127, 1156, 1157, 1158, 1159, 1125, 1126, 1127, 1156, 1157, 1158, 1159, 1156, 1157, 1158, 1159, 1126, 1127, 1156, 1157, 1158, 1159, 1126, 1127, 1156, 1157, 1158, 1124, 1125, 1126, 1127, 1156, 1157, 1158, 1159, 1124, 1125, 1126, 1127, 1124, 1125, 1126, 1127, 1156, 1157, 1158, 1159, 1124, 1125, 1126, 1127, 1156, 1157, 1158, 1159, 1157, 1158, 1159, 1124, 1125, 1126, 1127, 1156, 1157, 1158, 1159, 1127, 1156, 1157, 1158, 1159, 1124, 1125, 1126, 1127, 1156, 1157
1124, 1125, 1126, 1127, 1156, 1157, 1158, 1159, 1125, 1126, 1127, 1156, 1157, 1158, 1159, 1156, 1157, 1158, 1159, 1126, 1127, 1156, 1157, 1158, 1159, 1126, 1127, 1156, 1157, 1158, 1159, 1154, 1155, 1156, 1157, 1158, 1159, 1160, 1161, 1158, 1159, 1160, 1124, 1125, 1126, 1127, 1156, 1157, 1158, 1159, 1124, 1125, 1126, 1127, 1156, 1157, 1158, 1159, 1157, 1158, 1159, 1124, 1125, 1126, 1127, 1156, 1157, 1158, 1159, 1126, 1127, 1156, 1157, 1158, 1159, 1124, 1125, 1126, 1127, 1156
1124, 1125, 1126, 1127, 1156, 1157, 1158, 1159, 1125, 1126, 1127, 1156, 1157, 1158, 1159, 1156, 1157, 1158, 1159, 1126, 1127, 1156, 1157, 1158, 1159, 1126, 1127, 1156, 1157, 1158, 1159, 1154, 1155, 1156, 1157, 1158, 1159, 1160, 1161, 1158, 1159, 1160, 1124, 1125, 1126, 1127, 1156, 1157, 1158, 1159, 1124, 1125, 1126, 1127, 1156, 1157, 1158, 1159, 1157, 1158, 1159, 1124, 1125, 1126, 1127, 1156, 1157, 1158, 1159, 1158, 1159, 1127, 1156, 1157, 1158, 1159, 1124, 1125, 1126, 1127
1124, 1125, 1126, 1127, 1156, 1157, 1158, 1159, 1089, 1090, 1091, 1092, 1093, 1094, 1095, 1096, 1091, 1092, 1093, 1094, 1095, 1096, 1097, 1098, 1091, 1092, 1093, 1094, 1095, 1096, 1097, 1098, 1093, 1094, 1095, 1096, 1097, 1098, 1099, 1100, 1124, 1125, 1124, 1125, 1126, 1127, 1156, 1157, 1158, 1159, 1124, 1125, 1126, 1127, 1156, 1157, 1158, 1159, 1157, 1158, 1159, 1124, 1125, 1126, 1127, 1156, 1157, 1158, 1159, 1158, 1159, 1157, 1158, 1159, 1124, 1125, 1126, 1127, 1156, 1157
1124, 1125, 1126, 1127, 1156, 1157, 1158, 1159, 1071, 131, 132, 133, 134, 135, 136, 137, 131, 132, 133, 134, 135, 136, 137, 138, 131, 132, 133, 131, 132, 133, 134, 135, 136, 137, 138, 135, 136, 137, 138, 1074, 1124, 1125, 1124, 1125, 1126, 1127, 1156, 1157, 1158, 1159, 1124, 1125, 1126, 1127, 1156, 1157, 1158, 1159, 1157, 1158, 1159, 1124, 1125, 1126, 1127, 1156, 1157, 1158, 1159, 1158, 1159, 1127, 1156, 1157, 1158, 1159, 1124, 1125, 1126, 1127
1124, 1125, 1126, 1127, 1156, 1157, 1158, 1159, 1071, 163, 164, 165, 166, 167, 168, 169, 163, 164, 165, 166, 167, 168, 169, 170, 163, 164, 165, 163, 164, 165, 166, 167, 168, 169, 170, 167, 168, 169, 170, 1106, 1124, 1125, 1124, 1125, 1126, 1127, 1156, 1157, 1158, 1159, 1124, 1125, 1126, 1127, 1156, 1157, 1158, 1159, 1157, 1158, 1159, 1124, 1125, 1126, 1127, 1156, 1157, 1158, 1159, 1158, 1159, 1125, 1126, 1127, 1156, 1157, 1158, 1159, 1124, 1125
1124, 1125, 1126, 1127, 1156, 1157, 1158, 1159, 1103, 195, 196, 197, 198, 199, 200, 201, 195, 196, 197, 198, 199, 200, 201, 202, 195, 196, 197, 195, 196, 197, 198, 199, 200, 201, 202, 199, 200, 201, 202, 1138, 1124, 1125, 1124, 1125, 1126, 1127, 1156, 1157, 1158, 1159, 1124, 1125, 1126, 1127, 1156, 1157, 1158, 1159, 1127, 1156, 1157, 1158, 1159, 1124, 1125, 1126, 1127, 1156, 1157, 1158, 1159, 1159, 1124, 1125, 1126, 1127, 1156, 1157, 1158, 1159
1124, 1125, 1126, 1127, 1156, 1157, 1158, 1159, 1135, 227, 228, 229, 230, 231, 232, 233, 227, 228, 229, 230, 231, 232, 233, 234, 227, 228, 229, 227, 228, 229, 230, 231, 232, 233, 234, 231, 232, 233, 234, 1074, 1124, 1125, 1124, 1125, 1126, 1127, 1156, 1157, 1158, 1159, 1124, 1125, 1126, 1127, 1156, 1157, 1158, 1159, 1127, 1156, 1157, 1158, 1159, 1124, 1125, 1126, 1127, 1156, 1157, 1158, 1159, 1157, 1158, 1159, 1124, 1125, 1126, 1127, 1156, 1157
1124, 1125, 1126, 1127, 1156, 1157, 1158, 1159, 1103, 668, 669, 670, 671, 263, 264, 265, 259, 260, 261, 262, 263, 264, 265, 266, 259, 260, 261, 259, 260, 261, 262, 263, 264, 265, 266, 263, 264, 265, 266, 1106, 1124, 1125, 1126, 1127, 1156, 1157, 1158, 1159, 1124, 1125, 1126, 1127, 1156, 1157, 1158, 1124, 1125, 1126, 1127, 1156, 1157, 1158, 1159, 1124, 1125, 1126, 1127, 1156, 1157, 1158, 1159, 1127, 1156, 1157, 1158, 1159, 1124, 1125, 1126, 1127
1124, 1125, 1126, 1127, 1156, 1157, 1158, 1159, 1135, 700, 701, 702, 703, 295, 296, 297, 291, 292, 293, 294, 295, 296, 297, 131, 132, 133, 134, 135, 136, 137, 138, 295, 296, 297, 298, 295, 296, 297, 298, 1138, 1124, 1125, 1126, 1127, 1156, 1157, 1158, 1159, 1124, 1125, 1126, 1127, 1156, 1157, 1158, 1124, 1125, 1126, 1127, 1156, 1157, 1158, 1159, 1124, 1125, 1126, 1127, 1156, 1157, 1158, 1159, 1125, 1126, 1127, 1156, 1157, 1158, 1159, 1124, 1125
1124, 1125, 1126, 1127, 1156, 1157, 1158, 1159, 1071, 732, 733, 734, 735, 327, 328, 329, 323, 324, 325, 326, 327, 328, 329, 163, 164, 165, 166, 167, 168, 169, 170, 327, 328, 329, 330, 327, 328, 329, 330, 1074, 1124, 1125, 1126, 1127, 1156, 1157, 1158, 1159, 1124, 1125, 1126, 1127, 1156, 1157, 1158, 1124, 1125, 1126, 1127, 1156, 1157, 1158, 1159, 1124, 1125, 1126, 1127, 1156, 1157, 1158, 1159, 1159, 1124, 1125, 1126, 1127, 1156, 1157, 1158, 1159
1124, 1125, 1126, 1127, 1156, 1157, 1158, 1159, 1103, 764, 765, 766, 767, 359, 360, 361, 355, 356, 357, 358, 359, 360, 361, 195, 196, 197, 198, 199, 200, 201, 202, 359, 360, 361, 362, 359, 360, 361, 362, 1106, 1124, 1125, 1126, 1127, 1156, 1157, 1158, 1159, 1124, 1125, 1126, 1127, 1156, 1157, 1158, 1124, 1125, 1126, 1127, 1156, 1157, 1158, 1159, 1124, 1125, 1126, 1127, 1156, 1157, 1158, 1159, 1157, 1158, 1159, 1124, 1125, 1126, 1127, 1156, 1157
1124, 1125, 1126, 1127, 1156, 1157, 1158, 1159, 1135, 796, 797, 798, 799, 135, 136, 137, 138, 259, 260, 261, 262, 263, 264, 227, 228, 229, 230, 231, 232, 233, 234, 168, 169, 170, 294, 295, 296, 297, 298, 1138, 1124, 1125, 1126, 1127, 1156, 1157, 1158, 1159, 1124, 1125, 1126, 1127, 1156, 1157, 1158, 1124, 1125, 1126, 1127, 1156, 1157, 1158, 1159, 1124, 1125, 1126, 1127, 1156, 1157, 1158, 1159, 1127, 1156, 1157, 1158, 1159, 1124, 1125, 1126, 1127
1124, 1125, 1126, 1127, 1156, 1157, 1158, 1159, 1071, 828, 829, 830, 831, 167, 168, 169, 170, 291, 292, 293, 294, 295, 296, 259, 260, 261, 262, 263, 264, 265, 266, 200, 201, 202, 326, 327, 328, 329, 330, 1074, 1124, 1125, 1126, 1127, 1156, 1157, 1158, 1159, 1124, 1125, 1126, 1127, 1156, 1157, 1158, 1124, 1125, 1126, 1127, 1156, 1157, 1158, 1159, 1124, 1125, 1126, 1127, 1156, 1157, 1158, 1159, 1125, 1126, 1127, 1156, 1157, 1158, 1159, 1124, 1125
1124, 1125, 1126, 1127, 1156, 1157, 1158, 1159, 1103, 860, 861, 862, 863, 199, 200, 201, 202, 323, 324, 325, 326, 327, 328, 291, 292, 293, 294, 295, 296, 297, 298, 232, 233, 234, 358, 359, 360, 361, 362, 1106, 1124, 1125, 1126, 1127, 1156, 1157, 1158, 1159, 1124, 1125, 1126, 1127, 1156, 1157, 1158, 1124, 1125, 1126, 1127, 1156, 1157, 1158, 1159, 1124, 1125, 1126, 1127, 1156, 1157, 1158, 1159, 1159, 1124, 1125, 1126, 1127, 1156, 1157, 1158, 1159
1124, 1125, 1126, 1127, 1156, 1157, 1158, 1159, 1135, 892, 893, 894, 895, 231, 232, 233, 234, 355, 356, 357, 358, 359, 360, 323, 324, 325, 326, 327, 328, 329, 330, 264, 265, 266, 230, 231, 232, 233, 234, 1138, 1124, 1125, 1126, 1127, 1156, 1157, 1158, 1159, 1124, 1125, 1126, 1127, 1156, 1157, 1158, 1124, 1125, 1126, 1127, 1156, 1157, 1158, 1159, 1124, 1125, 1126, 1127, 1156, 1157, 1158, 1159, 1157, 1158, 1159, 1124, 1125, 1126, 1127, 1156, 1157
1124, 1125, 1126, 1127, 1156, 1157, 1158, 1159, 1071, 924, 925, 926, 927, 135, 136, 137, 138, 0, 0, 0, 0, 291, 292, 355, 356, 357, 358, 359, 360, 361, 362, 296, 297, 298, 262, 263, 264, 265, 266, 1074, 1124, 1125, 1126, 1127, 1156, 1157, 1158, 1159, 1124, 1125, 1124, 1125, 1126, 1127, 1156, 1124, 1125, 1126, 1127, 1156, 1157, 1158, 1159, 1124, 1125, 1126, 1127, 1156, 1157, 1158, 1159, 1127, 1156, 1157, 1158, 1159, 1124, 1125, 1126, 1127
1124, 1125, 1126, 1127, 1156, 1157, 1158, 1159, 1103, 956, 957, 958, 959, 135, 136, 137, 138, 131, 132, 133, 134, 323, 324, 325, 326, 327, 328, 329, 330, 326, 327, 328, 329, 330, 294, 295, 296, 297, 298, 1106, 1124, 1125, 1126, 1127, 1156, 1157, 1158, 1159, 1124, 1125, 1124, 1125, 1126, 1127, 1156, 1124, 1125, 1126, 1127, 1156, 1157, 1158, 1159, 1124, 1125, 1126, 1127, 1156, 1157, 1158, 1159, 1125, 1126, 1127, 1156, 1157, 1158, 1159, 1124, 1125
1124, 1125, 1126, 1127, 1156, 1157, 1158, 1159, 1135, 988, 989, 990, 991, 167, 168, 169, 170, 163, 164, 165, 166, 355, 356, 357, 358, 359, 360, 361, 362, 358, 359, 360, 361, 362, 326, 327, 328, 329, 330, 1138, 1124, 1125, 1126, 1127, 1156, 1157, 1158, 1159, 1124, 1125, 1124, 1125, 1126, 1127, 1156, 1157, 1158, 1159, 1124, 1125, 1126, 1127, 1156, 1157, 1124, 1125, 1126, 1127, 1156, 1157, 1158, 1159, 1124, 1125, 1126, 1127, 1156, 1157, 1158, 1159
1124, 1125, 1126, 1127, 1156, 1157, 1158, 1159, 1071, 1020, 1021, 1022, 1023, 199, 200, 201, 202, 195, 196, 197, 198, 199, 200, 201, 202, 195, 196, 197, 198, 199, 200, 355, 356, 357, 358, 359, 360, 361, 362, 1074, 1124, 1125, 1126, 1127, 1156, 1157, 1158, 1159, 1124, 1125, 1124, 1125, 1126, 1127, 1156, 1157, 1158, 1159, 1124, 1125, 1126, 1127, 1156, 1157, 1124, 1125, 1126, 1127, 1156, 1157, 1158, 1159, 1124, 1125, 1126, 1127, 1156, 1157, 1158, 1159
1124, 1125, 1126, 1127, 1156, 1157, 1158, 1159, 1103, 227, 228, 229, 230, 231, 232, 233, 234, 227, 228, 229, 230, 231, 232, 233, 234, 227, 228, 229, 230, 231, 232, 227, 228, 229, 230, 231, 232, 233, 234, 1106, 1124, 1125, 1126, 1127, 1156, 1157, 1158, 1159, 1124, 1125, 1124, 1125, 1126, 1127, 1156, 1157, 1158, 1159, 1124, 1125, 1126, 1127, 1156, 1157, 1124, 1125, 1126, 1127, 1156, 1157, 1158, 1159, 1124, 1125, 1126, 1127, 1156, 1157, 1158, 1159
1124, 1125, 1126, 1127, 1156, 1157, 1158, 1159, 1135, 259, 260, 261, 262, 263, 264, 265, 266, 259, 260, 261, 262, 263, 264, 265, 266, 259, 260, 261, 262, 263, 264, 259, 260, 261, 262, 263, 264, 265, 266, 1138, 1124, 1125, 1126, 1127, 1156, 1157, 1158, 1159, 1124, 1125, 1124, 1125, 1126, 1127, 1156, 1157, 1158, 1159, 1124, 1125, 1126, 1127, 1156, 1157, 1124, 1125, 1126, 1127, 1156, 1157, 1158, 1159, 1124, 1125, 1126, 1127, 1156, 1157, 1158, 1159
1124, 1125, 1126, 1127, 1156, 1157, 1158, 1159, 1071, 291, 292, 293, 294, 295, 296, 297, 298, 291, 292, 293, 294, 295, 296, 297, 298, 291, 292, 293, 294, 295, 296, 291, 292, 293, 294, 295, 296, 297, 298, 1074, 1124, 1125, 1126, 1127, 1156, 1157, 1158, 1159, 1124, 1125, 1124, 1125, 1126, 1127, 1156, 1157, 1158, 1159, 1124, 1125, 1126, 1127, 1156, 1157, 1124, 1125, 1126, 1127, 1156, 1157, 1158, 1159, 1124, 1125, 1126, 1127, 1156, 1157, 1158, 1159
1124, 1125, 1126, 1127, 1156, 1157, 1158, 1159, 1103, 323, 324, 325, 326, 327, 328, 329, 330, 323, 324, 325, 326, 327, 328, 329, 330, 323, 324, 325, 326, 327, 328, 323, 324, 325, 326, 327, 328, 329, 330, 1106, 1124, 1125, 1126, 1127, 1156, 1157, 1158, 1159, 1124, 1125, 1124, 1125, 1126, 1127, 1156, 1157, 1158, 1159, 1124, 1125, 1126, 1127, 1156, 1157, 1124, 1125, 1126, 1127, 1156, 1157, 1158, 1159, 1124, 1125, 1126, 1127, 1156, 1157, 1158, 1159
1124, 1125, 1126, 1127, 1156, 1157, 1158, 1159, 1135, 355, 356, 357, 358, 359, 360, 361, 362, 355, 356, 357, 358, 359, 360, 361, 362, 355, 356, 357, 358, 359, 360, 355, 356, 357, 358, 359, 360, 361, 362, 1138, 1124, 1125, 1126, 1127, 1156, 1157, 1158, 1159, 1124, 1125, 1124, 1125, 1126, 1127, 1156, 1157, 1158, 1159, 1124, 1125, 1126, 1127, 1156, 1157, 1124, 1125, 1126, 1127, 1156, 1157, 1158, 1159, 1124, 1125, 1126, 1127, 1156, 1157, 1158, 1159
1124, 1125, 1126, 1127, 1156, 1157, 1158, 1159, 1057, 1058, 1059, 1060, 1061, 1062, 1063, 1064, 1059, 1060, 1061, 1062, 1063, 1064, 1065, 1066, 1059, 1060, 1061, 1062, 1063, 1064, 1065, 1066, 1061, 1062, 1063, 1064, 1065, 1066, 1067, 1068, 1124, 1125, 1126, 1127, 1156, 1157, 1158, 1159, 1124, 1125, 1124, 1125, 1126, 1127, 1156, 1157, 1158, 1159, 1124, 1125, 1126, 1127, 1156, 1157, 1124, 1125, 1126, 1127, 1156, 1157, 1158, 1159, 1124, 1125, 1126, 1127, 1156, 1157, 1158, 1159
1124, 1125, 1126, 1127, 1156, 1157, 1158, 1159, 1124, 1125, 1126, 1127, 1156, 1124, 1125, 1126, 1127, 1156, 1157, 1124, 1125, 1126, 1127, 1156, 1124, 1125, 1126, 1127, 1156, 1157, 1124, 1125, 1126, 1127, 1156, 1157, 1124, 1125, 1126, 1127, 1156, 1157, 1126, 1127, 1156, 1157, 1158, 1159, 1124, 1125, 1124, 1125, 1126, 1127, 1156, 1157, 1158, 1159, 1124, 1125, 1126, 1127, 1156, 1157, 1124, 1125, 1126, 1127, 1156, 1157, 1158, 1159, 1124, 1125, 1126, 1127, 1156, 1157, 1158, 1159
1124, 1125, 1126, 1127, 1156, 1157, 1158, 1159, 1158, 1159, 1124, 1125, 1126, 1158, 1159, 1124, 1125, 1126, 1127, 1158, 1159, 1124, 1125, 1126, 1158, 1159, 1124, 1125, 1126, 1127, 1158, 1159, 1124, 1125, 1126, 1127, 1158, 1159, 1124, 1125, 1126, 1127, 1126, 1127, 1156, 1157, 1158, 1159, 1124, 1125, 1124, 1125, 1126, 1127, 1156, 1157, 1158, 1159, 1124, 1125, 1126, 1127, 1156, 1157, 1124, 1125, 1126, 1127, 1156, 1157, 1158, 1159, 1124, 1125, 1126, 1127, 1156, 1157, 1158, 1159
1124, 1125, 1126, 1127, 1156, 1157, 1158, 1159, 1156, 1157, 1158, 1159, 1124, 1156, 1157, 1158, 1159, 1124, 1125, 1156, 1157, 1158, 1159, 1124, 1156, 1157, 1158, 1159, 1124, 1125, 1156, 1157, 1158, 1159, 1124, 1125, 1156, 1157, 1158, 1159, 1124, 1125, 1126, 1127, 1156, 1157, 1158, 1159, 1124, 1125, 1124, 1125, 1126, 1127, 1156, 1157, 1158, 1159, 1124, 1125, 1126, 1127, 1156, 1157, 1124, 1125, 1126, 1127, 1156, 1157, 1158, 1159, 1124, 1125, 1126, 1127, 1156, 1157, 1158, 1159
1124, 1125, 1126, 1127, 1156, 1157, 1158, 1159, 1126, 1127, 1156, 1157, 1158, 1126, 1127, 1156, 1157, 1158, 1159, 1126, 1127, 1156, 1157, 1158, 1126, 1127, 1156, 1157, 1158, 1159, 1126, 1127, 1156, 1157, 1158, 1159, 1126, 1127, 1156, 1157, 1158, 1159, 1126, 1127, 1156, 1157, 1158, 1159, 1124, 1125, 1124, 1125, 1126, 1127, 1156, 1157, 1158, 1159, 1124, 1125, 1126, 1127, 1156, 1157, 1124, 1125, 1126, 1127, 1156, 1157, 1158, 1159, 1124, 1125, 1126, 1127, 1156, 1157, 1158, 1159
1124, 1125, 1126, 1127, 1156, 1157, 1158, 1159, 1124, 1125, 1126, 1127, 1156, 1124, 1125, 1126, 1127, 1156, 1157, 1124, 1125, 1126, 1127, 1156, 1124, 1125, 1126, 1127, 1156, 1157, 1124, 1125, 1126, 1127, 1156, 1157, 1124, 1125, 1126, 1127, 1156, 1157, 1126, 1127, 1156, 1157, 1158, 1159, 1124, 1125, 1124, 1125, 1126, 1127, 1156, 1157, 1158, 1159, 1124, 1125, 1126, 1127, 1156, 1157, 1124, 1125, 1126, 1127, 1156, 1157, 1158, 1159, 1124, 1125, 1126, 1127, 1156, 1157, 1158, 1159
1124, 1125, 1126, 1127, 1156, 1157, 1158, 1159, 1158, 1159, 1124, 1125, 1126, 1158, 1159, 1124, 1125, 1126, 1127, 1158, 1159, 1124, 1125, 1126, 1158, 1159, 1124, 1125, 1126, 1127, 1158, 1159, 1124, 1125, 1126, 1127, 1158, 1159, 1124, 1125, 1126, 1127, 1126, 1127, 1156, 1157, 1158, 1159, 1124, 1125, 1124, 1125, 1126, 1127, 1156, 1157, 1158, 1159, 1124, 1125, 1126, 1127, 1156, 1157, 1124, 1125, 1126, 1127, 1156, 1157, 1158, 1159, 1124, 1125, 1126, 1127, 1156, 1157, 1158, 1159
