7759, 7759, 7759, 7759, 7759, 7759, 7759, 7759, 7759, 7759, 7759, 7759, 7759, 7759, 7759, 7759, 7759, 7759, 7759, 7759, 7759, 7759, 7759, 7759, 7759, 7759, 7759, 7759, 7759, 7759, 7759, 7759, 7759, 7759, 7759, 7759, 7759, 7759, 7759, 7759, 7759, 7759, 7759, 7759, 7759, 7759, 7759, 7759, 7759, 7759, 7759, 7759, 7759, 7759, 7759, 7759, 7759, 7759, 7759, 7759, 7759, 7759, 7759, 7759, 7759, 7759, 7759, 7759, 7759, 7759, 7759, 7759, 7759, 7759, 7759, 7759, 7759, 7759, 7759, 7759
7759, 7759, 7759, 7759, 7759, 7759, 7759, 7759, 7759, 7759, 7759, 7759, 7759, 7759, 7759, 7759, 7759, 7759, 7759, 7759, 7759, 7759, 7759, 7759, 7759, 7759, 7759, 7759, 7759, 7759, 7759, 7759, 7759, 7759, 7759, 7759, 7759, 7759, 7759, 7759, 7759, 7759, 7759, 7759, 7759, 7759, 7759, 7759, 7759, 7759, 7759, 7759, 7759, 7759, 7759, 7759, 7759, 7759, 7759, 7759, 7759, 7759, 7759, 7759, 7759, 7759, 7759, 7759, 7759, 7759, 7759, 7759, 7759, 7759, 7759, 7759, 7759, 7759, 7759, 7759
7759, 7759, 7759, 7759, 7759, 7759, 7759, 7759, 7759, 7759, 7759, 7759, 7759, 7759, 7759, 7759, 7759, 7759, 7759, 7759, 7759, 7759, 7759, 7759, 7759, 7759, 7759, 7759, 7759, 7759, 7759, 7759, 7759, 7759, 7759, 7759, 7759, 7759, 7759, 7759, 7759, 7759, 7759, 7759, 7759, 7759, 7759, 7759, 7759, 7759, 7759, 7759, 7759, 7759, 7759, 7759, 7759, 7759, 7759, 7759, 7759, 7759, 7759, 7759, 7759, 7759, 7759, 7759, 7759, 7759, 7759, 7759, 7759, 7759, 7759, 7759, 7759, 7759, 7759, 7759
7759, 7759, 7759, 7759, 7759, 7759, 7759, 7759, 7759, 7759, 7759, 7759, 7759, 7759, 7759, 7759, 7759, 7759, 7759, 7759, 7759, 7759, 7759, 7759, 7759, 7759, 7759, 7759, 7759, 7759, 7759, 7759, 7759, 7759, 7759, 7759, 7759, 7759, 7759, 7759, 7759, 7759, 7759, 7759, 7759, 7759, 7759, 7759, 7759, 7759, 7759, 7759, 7759, 7759, 7759, 7759, 7759, 7759, 7759, 7759, 7759, 7759, 7759, 7759, 7759, 7759, 7759, 7759, 7759, 7759, 7759, 7759, 7759, 7759, 7759, 7759, 7759, 7759, 7759, 7759
7759, 7759, 7759, 7759, 7759, 7759, 7759, 7759, 7759, 7759, 7759, 7759, 7759, 7759, 7759, 7759, 7759, 7759, 7759, 7759, 7759, 7759, 7759, 7759, 7759, 7759, 7759, 7759, 7759, 7759, 7759, 7759, 7759, 7759, 7759, 7759, 7759, 7759, 7759, 7759, 7759, 7759, 7759, 7759, 7759, 7759, 7759, 7759, 7759, 7759, 7759, 7759, 7759, 7759, 7759, 7759, 7759, 7759, 7759, 7759, 7759, 7759, 7759, 7759, 7759, 7759, 7759, 7759, 7759, 7759, 7759, 7759, 7759, 7759, 7759, 7759, 7759, 7759, 7759, 7759
7759, 7759, 7759, 7759, 7759, 7759, 7759, 7759, 7759, 7759, 7759, 7759, 7759, 7759, 7759, 7759, 7759, 7759, 7759, 7759, 7759, 7759, 7759, 7759, 7759, 7759, 7759, 7759, 7759, 7759, 7759, 7759, 7759, 7759, 7759, 7759, 7759, 7759, 7759, 7759, 7759, 7759, 7759, 7759, 7759, 7759, 7759, 7759, 7759, 7759, 7759, 7759, 7759, 7759, 7759, 7759, 7759, 7759, 7759, 7759, 7759, 7759, 7759, 7759, 7759, 7759, 7759, 7759, 7759, 7759, 7759, 7759, 7759, 7759, 7759, 7759, 7759, 7759, 7759, 7759
7759, 7759, 7759, 7759, 7759, 7759, 7759, 7759, 7759, 7759, 7759, 7759, 7759, 7759, 7759, 7759, 7759, 7759, 7759, 7759, 7759, 7759, 7759, 7759, 7759, 7759, 7759, 7759, 7759, 7759, 7759, 7759, 7759, 7759, 7759, 7759, 7759, 7759, 7759, 7759, 7759, 7759, 7759, 7759, 7759, 7759, 7759, 7759, 7759, 7759, 7759, 7759, 7759, 7759, 7759, 7759, 7759, 7759, 7759, 7759, 7759, 7759, 7759, 7759, 7759, 7759, 7759, 7759, 7759, 7759, 7759, 7759, 7759, 7759, 7759, 7759, 7759, 7759, 7759, 7759
7759, 7759, 7759, 7759, 7759, 7759, 7759, 7759, 7759, 7759, 7759, 7759, 7759, 7759, 7759, 7759, 7759, 7759, 7759, 7759, 7759, 7759, 7759, 7759, 7759, 7759, 7759, 7759, 7759, 7759, 7759, 7759, 7759, 7759, 7759, 7759, 7759, 7759, 7759, 7759, 7759, 7759, 7759, 7759, 7759, 7759, 7759, 7759, 7759, 7759, 7759, 7759, 7759, 7759, 7759, 7759, 7759, 7759, 7759, 7759, 7759, 7759, 7759, 7759, 7759, 7759, 7759, 7759, 7759, 7759, 7759, 7759, 7759, 7759, 7759, 7759, 7759, 7759, 7759, 7759
7759, 7759, 7759, 7759, 7759, 7759, 7759, 7759, 7759, 7759, 7759, 7759, 7759, 7759, 7759, 7759, 7759, 7759, 7759, 7759, 7759, 7759, 7759, 7759, 7759, 7759, 7759, 7759, 7759, 7759, 7759, 7759, 7759, 7759, 7759, 7759, 7759, 7759, 7759, 7759, 7759, 7759, 7759, 7759, 7759, 7759, 7759, 7759, 7759, 7759, 7759, 7759, 7759, 7759, 7759, 7759, 7759, 7759, 7759, 7759, 7759, 7759, 7759, 7759, 7759, 7759, 7759, 7759, 7759, 7759, 7759, 7759, 7759, 7759, 7759, 7759, 7759, 7759, 7759, 7759
7759, 7759, 7759, 7759, 7759, 7759, 7759, 7759, 7759, 7759, 7759, 7759, 7759, 7759, 7759, 7759, 7759, 7759, 7759, 7759, 7759, 7759, 7759, 7759, 7759, 7759, 7759, 7759, 7759, 7759, 7759, 7759, 7759, 7759, 7759, 7759, 7759, 7759, 7759, 7759, 7759, 7759, 7759, 7759, 7759, 7759, 7759, 7759, 7759, 7759, 7759, 7759, 7759, 7759, 7759, 7759, 7759, 7759, 7759, 7759, 7759, 7759, 7759, 7759, 7759, 7759, 7759, 7759, 7759, 7759, 7759, 7759, 7759, 7759, 7759, 7759, 7759, 7759, 7759, 7759
7759, 7759, 7759, 7759, 7759, 7759, 7759, 7759, 7759, 7759, 7759, 7759, 7759, 7759, 7759, 7759, 7759, 7759, 7759, 7759, 7759, 7759, 7759, 7759, 7759, 7759, 7759, 7759, 7759, 7759, 7759, 7759, 7759, 7759, 7759, 7759, 7759, 7759, 7759, 7759, 7759, 7759, 7759, 7759, 7759, 7759, 7759, 7759, 7759, 7759, 7759, 7759, 7759, 7759, 7759, 7759, 7759, 7759, 7759, 7759, 7759, 7759, 7759, 7759, 7759, 7759, 7759, 7759, 7759, 7759, 7759, 7759, 7759, 7759, 7759, 7759, 7759, 7759, 7759, 7759
7759, 7759, 7759, 7759, 7759, 7759, 7759, 7759, 7759, 7759, 7759, 7759, 7759, 7759, 7759, 7759, 7759, 7759, 7759, 7759, 7759, 7759, 7759, 7759, 7759, 7759, 7759, 7759, 7759, 7759, 7759, 7759, 7759, 7759, 7759, 7759, 7759, 7759, 7759, 7759, 7759, 7759, 7759, 7759, 7759, 7759, 7759, 7759, 7759, 7759, 7759, 7759, 7759, 7759, 7759, 7759, 7759, 7759, 7759, 7759, 7759, 7759, 7759, 7759, 7759, 7759, 7759, 7759, 7759, 7759, 7759, 7759, 7759, 7759, 7759, 7759, 7759, 7759, 7759, 7759
7759, 7759, 7759, 7759, 7759, 7759, 7759, 7759, 7759, 7759, 7759, 7759, 7759, 7759, 7759, 7759, 7759, 7759, 7759, 7759, 7759, 7759, 7759, 7759, 7759, 7759, 7759, 7759, 7759, 7759, 7759, 7759, 7759, 7759, 7759, 7759, 7759, 7759, 7759, 7759, 7759, 7759, 7759, 7759, 7759, 7759, 7759, 7759, 7759, 7759, 7759, 7759, 7759, 7759, 7759, 7759, 7759, 7759, 7759, 7759, 7759, 7759, 7759, 7759, 7759, 7759, 7759, 7759, 7759, 7759, 7759, 7759, 7759, 7759, 7759, 7759, 7759, 7759, 7759, 7759
7759, 7759, 7759, 7759, 7759, 7759, 7759, 7759, 7759, 7759, 7759, 7759, 7759, 7759, 7759, 7759, 7759, 7759, 7759, 7759, 7759, 7759, 7759, 7759, 7759, 7759, 7759, 7759, 7759, 7759, 7759, 7759, 7759, 7759, 7759, 7759, 7759, 7759, 7759, 7759, 7759, 7759, 7759, 7759, 7759, 7759, 7759, 7759, 7759, 7759, 7759, 7759, 7759, 7759, 7759, 7759, 7759, 7759, 7759, 7759, 7759, 7759, 7759, 7759, 7759, 7759, 7759, 7759, 7759, 7759, 7759, 7759, 7759, 7759, 7759, 7759, 7759, 7759, 7759, 7759
7759, 7759, 7759, 7759, 7759, 7759, 7759, 7759, 7759, 7759, 7759, 7759, 7759, 7759, 7759, 7759, 7759, 7759, 7759, 7759, 7759, 7759, 7759, 7759, 7759, 7759, 7759, 7759, 7759, 7759, 7759, 7759, 7759, 7759, 7759, 7759, 7759, 7759, 7759, 7759, 7759, 7759, 7759, 7759, 7759, 7759, 7759, 7759, 7759, 7759, 7759, 7759, 7759, 7759, 7759, 7759, 7759, 7759, 7759, 7759, 7759, 7759, 7759, 7759, 7759, 7759, 7759, 7759, 7759, 7759, 7759, 7759, 7759, 7759, 7759, 7759, 7759, 7759, 7759, 7759
7759, 7759, 7759, 7759, 7759, 7759, 7759, 7759, 7759, 7759, 7759, 7759, 7759, 7759, 7759, 7759, 7759, 7759, 7759, 7759, 7759, 7759, 7759, 7759, 7759, 7759, 7759, 7759, 7759, 7759, 7759, 7759, 7759, 7759, 7759, 7759, 7759, 7759, 7759, 7759, 7759, 7759, 7759, 7759, 7759, 7759, 7759, 7759, 7759, 7759, 7759, 7759, 7759, 7759, 7759, 7759, 7759, 7759, 7759, 7759, 7759, 7759, 7759, 7759, 7759, 7759, 7759, 7759, 7759, 7759, 7759, 7759, 7759, 7759, 7759, 7759, 7759, 7759, 7759, 7759
7759, 7759, 7759, 7759, 7759, 7759, 7759, 7759, 7759, 7759, 7759, 7759, 7759, 7759, 7759, 7759, 7759, 7759, 7759, 7759, 7759, 7759, 7759, 7759, 7759, 7759, 7759, 7759, 7759, 7759, 7759, 7759, 7759, 7759, 7759, 7759, 7759, 7759, 7759, 7759, 7759, 7759, 7759, 7759, 7759, 7759, 7759, 7759, 7759, 7759, 7759, 7759, 7759, 7759, 7759, 7759, 7759, 7759, 7759, 7759, 7759, 7759, 7759, 7759, 7759, 7759, 7759, 7759, 7759, 7759, 7759, 7759, 7759, 7759, 7759, 7759, 7759, 7759, 7759, 7759
7759, 7759, 7759, 7759, 7759, 7759, 7759, 7759, 7759, 7759, 7759, 7759, 7759, 7759, 7759, 7759, 7759, 7759, 7759, 7759, 7759, 7759, 7759, 7759, 7759, 7759, 7759, 7759, 7759, 7759, 7759, 7759, 7759, 7759, 7759, 7759, 7759, 7759, 7759, 7759, 7759, 7759, 7759, 7759, 7759, 7759, 7759, 7759, 7759, 7759, 7759, 7759, 7759, 7759, 7759, 7759, 7759, 7759, 7759, 7759, 7759, 7759, 7759, 7759, 7759, 7759, 7759, 7759, 7759, 7759, 7759, 7759, 7759, 7759, 7759, 7759, 7759, 7759, 7759, 7759
7759, 7759, 7759, 7759, 7759, 7759, 7759, 7759, 7759, 7759, 7759, 7759, 7759, 7759, 7759, 7759, 7759, 7759, 7759, 7759, 7759, 7759, 7759, 7759, 7759, 7759, 7759, 7759, 7759, 7759, 7759, 7759, 7759, 7759, 7759, 7759, 7759, 7759, 7759, 7759, 7759, 7759, 7759, 7759, 7759, 7759, 7759, 7759, 7759, 7759, 7759, 7759, 7759, 7759, 7759, 7759, 7759, 7759, 7759, 7759, 7759, 7759, 7759, 7759, 7759, 7759, 7759, 7759, 7759, 7759, 7759, 7759, 7759, 7759, 7759, 7759, 7759, 7759, 7759, 7759
7759, 7759, 7759, 7759, 7759, 7759, 7759, 7759, 7759, 7759, 7759, 7759, 7759, 7759, 7759, 7759, 7759, 7759, 7759, 7759, 7759, 7759, 7759, 7759, 7759, 7759, 7759, 7759, 7759, 7759, 7759, 7759, 7759, 7759, 7759, 7759, 7759, 7759, 7759, 7759, 7759, 7759, 7759, 7759, 7759, 7759, 7759, 7759, 7759, 7759, 7759, 7759, 7759, 7759, 7759, 7759, 7759, 7759, 7759, 7759, 7759, 7759, 7759, 7759, 7759, 7759, 7759, 7759, 7759, 7759, 7759, 7759, 7759, 7759, 7759, 7759, 7759, 7759, 7759, 7759
7759, 7759, 7759, 7759, 7759, 7759, 7759, 7759, 7759, 7759, 7759, 7759, 7759, 7759, 7759, 7759, 7759, 7759, 7759, 7759, 7759, 7759, 7759, 7759, 7759, 7759, 7759, 7759, 7759, 7759, 7759, 7759, 7759, 7759, 7759, 7759, 7759, 7759, 7759, 7759, 7759, 7759, 7759, 7759, 7759, 7759, 7759, 7759, 7759, 7759, 7759, 7759, 7759, 7759, 7759, 7759, 7759, 7759, 7759, 7759, 7759, 7759, 7759, 7759, 7759, 7759, 7759, 7759, 7759, 7759, 7759, 7759, 7759, 7759, 7759, 7759, 7759, 7759, 7759, 7759
7759, 7759, 7759, 7759, 7759, 7759, 7759, 7759, 7759, 7759, 7759, 7759, 7759, 7759, 7759, 7759, 7759, 7759, 7759, 7759, 7759, 7759, 7759, 7759, 7759, 7759, 7759, 7759, 7759, 7759, 7759, 7759, 7759, 7759, 7759, 7759, 7759, 7759, 7759, 7759, 7759, 7759, 7759, 7759, 7759, 7759, 7759, 7759, 7759, 7759, 7759, 7759, 7759, 7759, 7759, 7759, 7759, 7759, 7759, 7759, 7759, 7759, 7759, 7759, 7759, 7759, 7759, 7759, 7759, 7759, 7759, 7759, 7759, 7759, 7759, 7759, 7759, 7759, 7759, 7759
7759, 7759, 7759, 7759, 7759, 7759, 7759, 7759, 7759, 7759, 7759, 7759, 7759, 7759, 7759, 7759, 7759, 7759, 7759, 7759, 7759, 7759, 7759, 7759, 7759, 7759, 7759, 7759, 7759, 7759, 7759, 7759, 7759, 7759, 7759, 7759, 7759, 7759, 7759, 7759, 7759, 7759, 7759, 7759, 7759, 7759, 7759, 7759, 7759, 7759, 7759, 7759, 7759, 7759, 7759, 7759, 7759, 7759, 7759, 7759, 7759, 7759, 7759, 7759, 7759, 7759, 7759, 7759, 7759, 7759, 7759, 7759, 7759, 7759, 7759, 7759, 7759, 7759, 7759, 7759
7759, 7759, 7759, 7759, 7759, 7759, 7759, 7759, 7759, 7759, 7759, 7759, 7759, 7759, 7759, 7759, 7759, 7759, 7759, 7759, 7759, 7759, 7759, 7759, 7759, 7759, 7759, 7759, 7759, 7759, 7759, 7759, 7759, 7759, 7759, 7759, 7759, 7759, 7759, 7759, 7759, 7759, 7759, 7759, 7759, 7759, 7759, 7759, 7759, 7759, 7759, 7759, 7759, 7759, 7759, 7759, 7759, 7759, 7759, 7759, 7759, 7759, 7759, 7759, 7759, 7759, 7759, 7759, 7759, 7759, 7759, 7759, 7759, 7759, 7759, 7759, 7759, 7759, 7759, 7759
7759, 7759, 7759, 7759, 7759, 7759, 7759, 7759, 7759, 7759, 7759, 7759, 7759, 7759, 7759, 7759, 7759, 7759, 7759, 7759, 7759, 7759, 7759, 7759, 7759, 7759, 7759, 7759, 7759, 7759, 7759, 7759, 7759, 7759, 7759, 7759, 7759, 7759, 7759, 7759, 7759, 7759, 7759, 7759, 7759, 7759, 7759, 7759, 7759, 7759, 7759, 7759, 7759, 7759, 7759, 7759, 7759, 7759, 7759, 7759, 7759, 7759, 7759, 7759, 7759, 7759, 7759, 7759, 7759, 7759, 7759, 7759, 7759, 7759, 7759, 7759, 7759, 7759, 7759, 7759
7759, 7759, 7759, 7759, 7759, 7759, 7759, 7759, 7759, 7759, 7759, 7759, 7759, 7759, 7759, 7759, 7759, 7759, 7759, 7759, 7759, 7759, 7759, 7759, 7759, 7759, 7759, 7759, 7759, 7759, 7759, 7759, 7759, 7759, 7759, 7759, 7759, 7759, 7759, 7759, 7759, 7759, 7759, 7759, 7759, 7759, 7759, 7759, 7759, 7759, 7759, 7759, 7759, 7759, 7759, 7759, 7759, 7759, 7759, 7759, 7759, 7759, 7759, 7759, 7759, 7759, 7759, 7759, 7759, 7759, 7759, 7759, 7759, 7759, 7759, 7759, 7759, 7759, 7759, 7759
7759, 7759, 7759, 7759, 7759, 7759, 7759, 7759, 7759, 7759, 7759, 7759, 7759, 7759, 7759, 7759, 7759, 7759, 7759, 7759, 7759, 7759, 7759, 7759, 7759, 7759, 7759, 7759, 7759, 7759, 7759, 7759, 7759, 7759, 7759, 7759, 7759, 7759, 7759, 7759, 7759, 7759, 7759, 7759, 7759, 7759, 7759, 7759, 7759, 7759, 7759, 7759, 7759, 7759, 7759, 7759, 7759, 7759, 7759, 7759, 7759, 7759, 7759, 7759, 7759, 7759, 7759, 7759, 7759, 7759, 7759, 7759, 7759, 7759, 7759, 7759, 7759, 7759, 7759, 7759
7759, 7759, 7759, 7759, 7759, 7759, 7759, 7759, 7759, 7759, 5684, 5685, 5364, 5365, 5366, 5367, 5368, 5369, 5370, 5371, 5372, 5373, 5374, 5375, 5376, 5377, 5378, 5379, 5380, 5381, 5382, 5383, 5384, 5385, 5386, 5387, 5388, 5389, 5390, 5391, 5686, 5687, 7759, 7759, 7759, 7759, 7759, 7759, 7759, 7759, 7759, 7759, 7759, 7759, 7759, 7759, 7759, 7759, 7759, 7759, 7759, 7759, 7759, 7759, 7759, 7759, 7759, 7759, 7759, 7759, 7759, 7759, 7759, 7759, 7759, 7759, 7759, 7759, 7759, 7759
7759, 7759, 7759, 7759, 7759, 7759, 7759, 7759, 7759, 7759, 5764, 5765, 5444, 5445, 5446, 5447, 5448, 5449, 5450, 5451, 5452, 5453, 5454, 5455, 5456, 5457, 5458, 5459, 5460, 5461, 5462, 5463, 5464, 5465, 5466, 5467, 5468, 5469, 5470, 5471, 5766, 5767, 7759, 7759, 7759, 7759, 7759, 7759, 7759, 7759, 7759, 7759, 7759, 7759, 7759, 7759, 7759, 7759, 7759, 7759, 7759, 7759, 7759, 7759, 7759, 7759, 7759, 7759, 7759, 7759, 7759, 7759, 7759, 7759, 7759, 7759, 7759, 7759, 7759, 7759
7759, 7759, 7759, 7759, 7759, 7759, 7759, 7759, 7759, 7759, 5360, 5361, 0, 1, 2, 3, 4, 5, 6, 7, 8, 9, 10, 11, 12, 13, 14, 15, 16, 17, 18, 19, 20, 21, 22, 23, 24, 25, 26, 27, 5362, 5363, 7759, 7759, 7759, 7759, 7759, 7759, 7759, 7759, 7759, 7759, 7759, 7759, 7759, 7759, 7759, 7759, 7759, 7759, 7759, 7759, 7759, 7759, 7759, 7759, 7759, 7759, 7759, 7759, 7759, 7759, 7759, 7759, 7759, 7759, 7759, 7759, 7759, 7759
7759, 7759, 7759, 7759, 7759, 7759, 7759, 7759, 7759, 7759, 5440, 5441, 80, 81, 82, 83, 84, 85, 86, 87, 88, 89, 90, 91, 92, 93, 94, 95, 96, 97, 98, 99, 100, 101, 102, 103, 104, 105, 106, 107, 5442, 5443, 7759, 7759, 7759, 7759, 7759, 7759, 7759, 7759, 7759, 7759, 7759, 7759, 7759, 7759, 7759, 7759, 7759, 7759, 7759, 7759, 7759, 7759, 7759, 7759, 7759, 7759, 7759, 7759, 7759, 7759, 7759, 7759, 7759, 7759, 7759, 7759, 7759, 7759
7759, 7759, 7759, 7759, 7759, 7759, 7759, 7759, 7759, 7759, 5520, 5521, 160, 161, 162, 163, 164, 165, 166, 167, 168, 169, 170, 171, 172, 173, 174, 175, 176, 177, 178, 179, 180, 181, 182, 183, 184, 185, 186, 187, 5522, 5523, 7759, 7759, 7759, 7759, 7759, 7759, 7759, 7759, 7759, 7759, 7759, 7759, 7759, 7759, 7759, 7759, 7759, 7759, 7759, 7759, 7759, 7759, 7759, 7759, 7759, 7759, 7759, 7759, 7759, 7759, 7759, 7759, 7759, 7759, 7759, 7759, 7759, 7759
7759, 7759, 7759, 7759, 7759, 7759, 7759, 7759, 7759, 7759, 5600, 5601, 240, 241, 242, 243, 244, 245, 246, 247, 248, 249, 250, 251, 252, 253, 254, 255, 256, 257, 258, 259, 260, 261, 262, 263, 264, 265, 266, 267, 5602, 5603, 7759, 7759, 7759, 7759, 7759, 7759, 7759, 7759, 7759, 7759, 7759, 7759, 7759, 7759, 7759, 7759, 7759, 7759, 7759, 7759, 7759, 7759, 7759, 7759, 7759, 7759, 7759, 7759, 7759, 7759, 7759, 7759, 7759, 7759, 7759, 7759, 7759, 7759
7759, 7759, 7759, 7759, 7759, 7759, 7759, 7759, 7759, 7759, 5680, 5681, 320, 321, 322, 323, 324, 325, 326, 327, 328, 329, 330, 331, 332, 333, 334, 335, 336, 337, 338, 339, 340, 341, 342, 343, 344, 345, 346, 347, 5682, 5683, 7759, 7759, 7759, 7759, 7759, 7759, 7759, 7759, 7759, 7759, 7759, 7759, 7759, 7759, 7759, 7759, 7759, 7759, 7759, 7759, 7759, 7759, 7759, 7759, 7759, 7759, 7759, 7759, 7759, 7759, 7759, 7759, 7759, 7759, 7759, 7759, 7759, 7759
7759, 7759, 7759, 7759, 7759, 7759, 7759, 7759, 7759, 7759, 5760, 5761, 400, 401, 402, 403, 404, 405, 406, 407, 408, 409, 410, 411, 412, 413, 414, 415, 416, 417, 418, 419, 420, 421, 422, 423, 424, 425, 426, 427, 5762, 5763, 7759, 7759, 7759, 7759, 7759, 7759, 7759, 7759, 7759, 7759, 7759, 7759, 7759, 7759, 7759, 7759, 7759, 7759, 7759, 7759, 7759, 7759, 7759, 7759, 7759, 7759, 7759, 7759, 7759, 7759, 7759, 7759, 7759, 7759, 7759, 7759, 7759, 7759
7759, 7759, 7759, 7759, 7759, 7759, 7759, 7759, 7759, 7759, 5840, 5841, 480, 481, 482, 483, 484, 485, 486, 487, 488, 489, 490, 491, 492, 493, 494, 495, 496, 497, 498, 499, 500, 501, 502, 503, 504, 505, 506, 507, 5842, 5843, 7759, 7759, 7759, 7759, 7759, 7759, 7759, 7759, 7759, 7759, 7759, 7759, 7759, 7759, 7759, 7759, 7759, 7759, 7759, 7759, 7759, 7759, 7759, 7759, 7759, 7759, 7759, 7759, 7759, 7759, 7759, 7759, 7759, 7759, 7759, 7759, 7759, 7759
7759, 7759, 7759, 7759, 7759, 7759, 7759, 7759, 7759, 7759, 5920, 5921, 560, 561, 562, 563, 564, 565, 566, 567, 568, 569, 570, 571, 572, 573, 574, 575, 576, 577, 578, 579, 580, 581, 582, 583, 584, 585, 586, 587, 5922, 5923, 7759, 7759, 7759, 7759, 7759, 7759, 7759, 7759, 7759, 7759, 7759, 7759, 7759, 7759, 7759, 7759, 7759, 7759, 7759, 7759, 7759, 7759, 7759, 7759, 7759, 7759, 7759, 7759, 7759, 7759, 7759, 7759, 7759, 7759, 7759, 7759, 7759, 7759
7759, 7759, 7759, 7759, 7759, 7759, 7759, 7759, 7759, 7759, 6000, 6001, 640, 641, 642, 643, 644, 645, 646, 647, 648, 649, 650, 651, 652, 653, 654, 655, 656, 657, 658, 659, 660, 661, 662, 663, 664, 665, 666, 667, 6002, 6003, 7759, 7759, 7759, 7759, 7759, 7759, 7759, 7759, 7759, 7759, 7759, 7759, 7759, 7759, 7759, 7759, 7759, 7759, 7759, 7759, 7759, 7759, 7759, 7759, 7759, 7759, 7759, 7759, 7759, 7759, 7759, 7759, 7759, 7759, 7759, 7759, 7759, 7759
7759, 7759, 7759, 7759, 7759, 7759, 7759, 7759, 7759, 7759, 6080, 6081, 720, 721, 722, 723, 724, 725, 726, 727, 728, 729, 730, 731, 732, 733, 734, 735, 736, 737, 738, 739, 740, 741, 742, 743, 744, 745, 746, 747, 6082, 6083, 7759, 7759, 7759, 7759, 7759, 7759, 7759, 7759, 7759, 7759, 7759, 7759, 7759, 7759, 7759, 7759, 7759, 7759, 7759, 7759, 7759, 7759, 7759, 7759, 7759, 7759, 7759, 7759, 7759, 7759, 7759, 7759, 7759, 7759, 7759, 7759, 7759, 7759
7759, 7759, 7759, 7759, 7759, 7759, 7759, 7759, 7759, 7759, 6160, 6161, 800, 801, 802, 803, 804, 805, 806, 807, 808, 809, 810, 811, 812, 813, 814, 815, 816, 817, 818, 819, 820, 821, 822, 823, 824, 825, 826, 827, 6162, 6163, 7759, 7759, 7759, 7759, 7759, 7759, 7759, 7759, 7759, 7759, 7759, 7759, 7759, 7759, 7759, 7759, 7759, 7759, 7759, 7759, 7759, 7759, 7759, 7759, 7759, 7759, 7759, 7759, 7759, 7759, 7759, 7759, 7759, 7759, 7759, 7759, 7759, 7759
7759, 7759, 7759, 7759, 7759, 7759, 7759, 7759, 7759, 7759, 6240, 6241, 880, 881, 882, 883, 884, 885, 886, 887, 888, 889, 890, 891, 892, 893, 894, 895, 896, 897, 898, 899, 900, 901, 902, 903, 904, 905, 906, 907, 6242, 6243, 7759, 7759, 7759, 7759, 7759, 7759, 7759, 7759, 7759, 7759, 7759, 7759, 7759, 7759, 7759, 7759, 7759, 7759, 7759, 7759, 7759, 7759, 7759, 7759, 7759, 7759, 7759, 7759, 7759, 7759, 7759, 7759, 7759, 7759, 7759, 7759, 7759, 7759
7759, 7759, 7759, 7759, 7759, 7759, 7759, 7759, 7759, 7759, 6320, 6321, 960, 961, 962, 963, 964, 965, 966, 967, 968, 969, 970, 971, 972, 973, 974, 975, 976, 977, 978, 979, 980, 981, 982, 983, 984, 985, 986, 987, 6322, 6323, 7759, 7759, 7759, 7759, 7759, 7759, 7759, 7759, 7759, 7759, 7759, 7759, 7759, 7759, 7759, 7759, 7759, 7759, 7759, 7759, 7759, 7759, 7759, 7759, 7759, 7759, 7759, 7759, 7759, 7759, 7759, 7759, 7759, 7759, 7759, 7759, 7759, 7759
7759, 7759, 7759, 7759, 7759, 7759, 7759, 7759, 7759, 7759, 6400, 6401, 1040, 1041, 1042, 1043, 1044, 1045, 1046, 1047, 1048, 1049, 1050, 1051, 1052, 1053, 1054, 1055, 1056, 1057, 1058, 1059, 1060, 1061, 1062, 1063, 1064, 1065, 1066, 1067, 6402, 6403, 7759, 7759, 7759, 7759, 7759, 7759, 7759, 7759, 7759, 7759, 7759, 7759, 7759, 7759, 7759, 7759, 7759, 7759, 7759, 7759, 7759, 7759, 7759, 7759, 7759, 7759, 7759, 7759, 7759, 7759, 7759, 7759, 7759, 7759, 7759, 7759, 7759, 7759
7759, 7759, 7759, 7759, 7759, 7759, 7759, 7759, 7759, 7759, 6480, 6481, 1120, 1121, 1122, 1123, 1124, 1125, 1126, 1127, 1128, 1129, 1130, 1131, 1132, 1133, 1134, 1135, 1136, 1137, 1138, 1139, 1140, 1141, 1142, 1143, 1144, 1145, 1146, 1147, 6482, 6483, 7759, 7759, 7759, 7759, 7759, 7759, 7759, 7759, 7759, 7759, 7759, 7759, 7759, 7759, 7759, 7759, 7759, 7759, 7759, 7759, 7759, 7759, 7759, 7759, 7759, 7759, 7759, 7759, 7759, 7759, 7759, 7759, 7759, 7759, 7759, 7759, 7759, 7759
7759, 7759, 7759, 7759, 7759, 7759, 7759, 7759, 7759, 7759, 6560, 6561, 1200, 1201, 1202, 1203, 1204, 1205, 1206, 1207, 1208, 1209, 1210, 1211, 1212, 1213, 1214, 1215, 1216, 1217, 1218, 1219, 1220, 1221, 1222, 1223, 1224, 1225, 1226, 1227, 6562, 6563, 7759, 7759, 7759, 7759, 7759, 7759, 7759, 7759, 7759, 7759, 7759, 7759, 7759, 7759, 7759, 7759, 7759, 7759, 7759, 7759, 7759, 7759, 7759, 7759, 7759, 7759, 7759, 7759, 7759, 7759, 7759, 7759, 7759, 7759, 7759, 7759, 7759, 7759
7759, 7759, 7759, 7759, 7759, 7759, 7759, 7759, 7759, 7759, 6640, 6641, 1280, 1281, 1282, 1283, 1284, 1285, 1286, 1287, 1288, 1289, 1290, 1291, 1292, 1293, 1294, 1295, 1296, 1297, 1298, 1299, 1300, 1301, 1302, 1303, 1304, 1305, 1306, 1307, 6642, 6643, 7759, 7759, 7759, 7759, 7759, 7759, 7759, 7759, 7759, 7759, 7759, 7759, 7759, 7759, 7759, 7759, 7759, 7759, 7759, 7759, 7759, 7759, 7759, 7759, 7759, 7759, 7759, 7759, 7759, 7759, 7759, 7759, 7759, 7759, 7759, 7759, 7759, 7759
7759, 7759, 7759, 7759, 7759, 7759, 7759, 7759, 7759, 7759, 6720, 6721, 1360, 1361, 1362, 1363, 1364, 1365, 1366, 1367, 1368, 1369, 1370, 1371, 1372, 1373, 1374, 1375, 1376, 1377, 1378, 1379, 1380, 1381, 1382, 1383, 1384, 1385, 1386, 1387, 6722, 6723, 7759, 7759, 7759, 7759, 7759, 7759, 7759, 7759, 7759, 7759, 7759, 7759, 7759, 7759, 7759, 7759, 7759, 7759, 7759, 7759, 7759, 7759, 7759, 7759, 7759, 7759, 7759, 7759, 7759, 7759, 7759, 7759, 7759, 7759, 7759, 7759, 7759, 7759
7759, 7759, 7759, 7759, 7759, 7759, 7759, 7759, 7759, 7759, 6800, 6801, 1440, 1441, 1442, 1443, 1444, 1445, 1446, 1447, 1448, 1449, 1450, 1451, 1452, 1453, 1454, 1455, 1456, 1457, 1458, 1459, 1460, 1461, 1462, 1463, 1464, 1465, 1466, 1467, 6802, 6803, 7759, 7759, 7759, 7759, 7759, 7759, 7759, 7759, 7759, 7759, 7759, 7759, 7759, 7759, 7759, 7759, 7759, 7759, 7759, 7759, 7759, 7759, 7759, 7759, 7759, 7759, 7759, 7759, 7759, 7759, 7759, 7759, 7759, 7759, 7759, 7759, 7759, 7759
7759, 7759, 7759, 7759, 7759, 7759, 7759, 7759, 7759, 7759, 6880, 6881, 1520, 1521, 1522, 1523, 1524, 1525, 1526, 1527, 1528, 1529, 1530, 1531, 1532, 1533, 1534, 1535, 1536, 1537, 1538, 1539, 1540, 1541, 1542, 1543, 1544, 1545, 1546, 1547, 6882, 6883, 7759, 7759, 7759, 7759, 7759, 7759, 7759, 7759, 7759, 7759, 7759, 7759, 7759, 7759, 7759, 7759, 7759, 7759, 7759, 7759, 7759, 7759, 7759, 7759, 7759, 7759, 7759, 7759, 7759, 7759, 7759, 7759, 7759, 7759, 7759, 7759, 7759, 7759
7759, 7759, 7759, 7759, 7759, 7759, 7759, 7759, 7759, 7759, 6960, 6961, 1600, 1601, 1602, 1603, 1604, 1605, 1606, 1607, 1608, 1609, 1610, 1611, 1612, 1613, 1614, 1615, 1616, 1617, 1618, 1619, 1620, 1621, 1622, 1623, 1624, 1625, 1626, 1627, 6962, 6963, 7759, 7759, 7759, 7759, 7759, 7759, 7759, 7759, 7759, 7759, 7759, 7759, 7759, 7759, 7759, 7759, 7759, 7759, 7759, 7759, 7759, 7759, 7759, 7759, 7759, 7759, 7759, 7759, 7759, 7759, 7759, 7759, 7759, 7759, 7759, 7759, 7759, 7759
7759, 7759, 7759, 7759, 7759, 7759, 7759, 7759, 7759, 7759, 7040, 7041, 1680, 1681, 1682, 1683, 1684, 1685, 1686, 1687, 1688, 1689, 1690, 1691, 1692, 1693, 1694, 1695, 1696, 1697, 1698, 1699, 1700, 1701, 1702, 1703, 1704, 1705, 1706, 1707, 7042, 7043, 7759, 7759, 7759, 7759, 7759, 7759, 7759, 7759, 7759, 7759, 7759, 7759, 7759, 7759, 7759, 7759, 7759, 7759, 7759, 7759, 7759, 7759, 7759, 7759, 7759, 7759, 7759, 7759, 7759, 7759, 7759, 7759, 7759, 7759, 7759, 7759, 7759, 7759
7759, 7759, 7759, 7759, 7759, 7759, 7759, 7759, 7759, 7759, 7120, 7121, 1760, 1761, 1762, 1763, 1764, 1765, 1766, 1767, 1768, 1769, 1770, 1771, 1772, 1773, 1774, 1775, 1776, 1777, 1778, 1779, 1780, 1781, 1782, 1783, 1784, 1785, 1786, 1787, 7122, 7123, 7759, 7759, 7759, 7759, 7759, 7759, 7759, 7759, 7759, 7759, 7759, 7759, 7759, 7759, 7759, 7759, 7759, 7759, 7759, 7759, 7759, 7759, 7759, 7759, 7759, 7759, 7759, 7759, 7759, 7759, 7759, 7759, 7759, 7759, 7759, 7759, 7759, 7759
7759, 7759, 7759, 7759, 7759, 7759, 7759, 7759, 7759, 7759, 7200, 7201, 1840, 1841, 1842, 1843, 1844, 1845, 1846, 1847, 1848, 1849, 1850, 1851, 1852, 1853, 1854, 1855, 1856, 1857, 1858, 1859, 1860, 1861, 1862, 1863, 1864, 1865, 1866, 1867, 7202, 7203, 7759, 7759, 7759, 7759, 7759, 7759, 7759, 7759, 7759, 7759, 7759, 7759, 7759, 7759, 7759, 7759, 7759, 7759, 7759, 7759, 7759, 7759, 7759, 7759, 7759, 7759, 7759, 7759, 7759, 7759, 7759, 7759, 7759, 7759, 7759, 7759, 7759, 7759
7759, 7759, 7759, 7759, 7759, 7759, 7759, 7759, 7759, 7759, 7280, 7281, 1920, 1921, 1922, 1923, 1924, 1925, 1926, 1927, 1928, 1929, 1930, 1931, 1932, 1933, 1934, 1935, 1936, 1937, 1938, 1939, 1940, 1941, 1942, 1943, 1944, 1945, 1946, 1947, 7282, 7283, 7759, 7759, 7759, 7759, 7759, 7759, 7759, 7759, 7759, 7759, 7759, 7759, 7759, 7759, 7759, 7759, 7759, 7759, 7759, 7759, 7759, 7759, 7759, 7759, 7759, 7759, 7759, 7759, 7759, 7759, 7759, 7759, 7759, 7759, 7759, 7759, 7759, 7759
7759, 7759, 7759, 7759, 7759, 7759, 7759, 7759, 7759, 7759, 7360, 7361, 2000, 2001, 2002, 2003, 2004, 2005, 2006, 2007, 2008, 2009, 2010, 2011, 2012, 2013, 2014, 2015, 2016, 2017, 2018, 2019, 2020, 2021, 2022, 2023, 2024, 2025, 2026, 2027, 7362, 7363, 7759, 7759, 7759, 7759, 7759, 7759, 7759, 7759, 7759, 7759, 7759, 7759, 7759, 7759, 7759, 7759, 7759, 7759, 7759, 7759, 7759, 7759, 7759, 7759, 7759, 7759, 7759, 7759, 7759, 7759, 7759, 7759, 7759, 7759, 7759, 7759, 7759, 7759
7759, 7759, 7759, 7759, 7759, 7759, 7759, 7759, 7759, 7759, 5844, 5845, 5524, 5525, 5526, 5527, 5528, 5529, 5530, 5531, 5532, 5533, 5534, 5535, 5536, 5537, 5538, 5539, 5540, 5541, 5542, 5543, 5544, 5545, 5546, 5547, 5548, 5549, 5550, 5551, 5846, 5847, 7759, 7759, 7759, 7759, 7759, 7759, 7759, 7759, 7759, 7759, 7759, 7759, 7759, 7759, 7759, 7759, 7759, 7759, 7759, 7759, 7759, 7759, 7759, 7759, 7759, 7759, 7759, 7759, 7759, 7759, 7759, 7759, 7759, 7759, 7759, 7759, 7759, 7759
7759, 7759, 7759, 7759, 7759, 7759, 7759, 7759, 7759, 7759, 5924, 5925, 5604, 5605, 5606, 5607, 5608, 5609, 5610, 5611, 5612, 5613, 5614, 5615, 5616, 5617, 5618, 5619, 5620, 5621, 5622, 5623, 5624, 5625, 5626, 5627, 5628, 5629, 5630, 5631, 5926, 5927, 7759, 7759, 7759, 7759, 7759, 7759, 7759, 7759, 7759, 7759, 7759, 7759, 7759, 7759, 7759, 7759, 7759, 7759, 7759, 7759, 7759, 7759, 7759, 7759, 7759, 7759, 7759, 7759, 7759, 7759, 7759, 7759, 7759, 7759, 7759, 7759, 7759, 7759
7759, 7759, 7759, 7759, 7759, 7759, 7759, 7759, 7759, 7759, 7759, 7759, 7759, 7759, 7759, 7759, 7759, 7759, 7759, 7759, 7759, 7759, 7759, 7759, 7759, 7759, 7759, 7759, 7759, 7759, 7759, 7759, 7759, 7759, 7759, 7759, 7759, 7759, 7759, 7759, 7759, 7759, 7759, 7759, 7759, 7759, 7759, 7759, 7759, 7759, 7759, 7759, 7759, 7759, 7759, 7759, 7759, 7759, 7759, 7759, 7759, 7759, 7759, 7759, 7759, 7759, 7759, 7759, 7759, 7759, 7759, 7759, 7759, 7759, 7759, 7759, 7759, 7759, 7759, 7759
7759, 7759, 7759, 7759, 7759, 7759, 7759, 7759, 7759, 7759, 7759, 7759, 7759, 7759, 7759, 7759, 7759, 7759, 7759, 7759, 7759, 7759, 7759, 7759, 7759, 7759, 7759, 7759, 7759, 7759, 7759, 7759, 7759, 7759, 7759, 7759, 7759, 7759, 7759, 7759, 7759, 7759, 7759, 7759, 7759, 7759, 7759, 7759, 7759, 7759, 7759, 7759, 7759, 7759, 7759, 7759, 7759, 7759, 7759, 7759, 7759, 7759, 7759, 7759, 7759, 7759, 7759, 7759, 7759, 7759, 7759, 7759, 7759, 7759, 7759, 7759, 7759, 7759, 7759, 7759
7759, 7759, 7759, 7759, 7759, 7759, 7759, 7759, 7759, 7759, 7759, 7759, 7759, 7759, 7759, 7759, 7759, 7759, 7759, 7759, 7759, 7759, 7759, 7759, 7759, 7759, 7759, 7759, 7759, 7759, 7759, 7759, 7759, 7759, 7759, 7759, 7759, 7759, 7759, 7759, 7759, 7759, 7759, 7759, 7759, 7759, 7759, 7759, 7759, 7759, 7759, 7759, 7759, 7759, 7759, 7759, 7759, 7759, 7759, 7759, 7759, 7759, 7759, 7759, 7759, 7759, 7759, 7759, 7759, 7759, 7759, 7759, 7759, 7759, 7759, 7759, 7759, 7759, 7759, 7759
