1124, 1125, 1126, 1127, 1128, 1129, 1130, 1124, 1125, 1126, 1127, 1128, 1129, 1130, 1131, 1156, 1157, 1158, 1159, 1160, 1161, 1162, 1124, 1125, 1126, 1127, 1128, 1129, 1130, 1131, 1156, 1157, 1158, 1159, 1160, 1161, 1162, 1163, 1124, 1125, 1126, 1127, 1128, 1129, 1130, 1131, 1156, 1157, 1158, 1159, 1160, 1161, 1162, 1163, 1124, 1125, 1126, 1127, 1128, 1129, 1130, 1131, 1156, 1157, 1158, 1159, 1160, 1161, 1162, 1163, 1124, 1125, 1102, 1102, 1102, 1102, 1102, 1102, 1102, 1102
1156, 1157, 1158, 1159, 1160, 1161, 1162, 1126, 1127, 1128, 1129, 1130, 1131, 1156, 1157, 1158, 1159, 1160, 1161, 1162, 1163, 1124, 1126, 1127, 1128, 1129, 1130, 1131, 1156, 1157, 1158, 1159, 1160, 1161, 1162, 1163, 1124, 1125, 1126, 1127, 1128, 1129, 1130, 1131, 1156, 1157, 1158, 1159, 1160, 1161, 1162, 1163, 1124, 1125, 1126, 1127, 1128, 1129, 1130, 1131, 1156, 1157, 1158, 1159, 1160, 1161, 1162, 1163, 1124, 1125, 1126, 1127, 1102, 1102, 1102, 1102, 1102, 1102, 1102, 1102
1124, 1125, 1126, 1127, 1128, 1129, 1130, 1128, 1129, 1130, 1131, 1156, 1157, 1158, 1159, 1160, 1161, 1162, 1163, 1124, 1125, 1126, 1128, 1129, 1130, 1131, 1156, 1157, 1158, 1159, 1160, 1161, 1162, 1163, 1124, 1125, 1126, 1127, 1128, 1129, 1130, 1131, 1156, 1157, 1158, 1159, 1160, 1161, 1162, 1163, 1124, 1125, 1126, 1127, 1128, 1129, 1130, 1131, 1156, 1157, 1158, 1159, 1160, 1161, 1162, 1163, 1124, 1125, 1126, 1127, 1128, 1129, 1102, 1102, 1102, 1102, 1102, 1102, 1102, 1102
1156, 1157, 1158, 1159, 1160, 1161, 1162, 1130, 1131, 1156, 1157, 1158, 1159, 1160, 1161, 1162, 1163, 1124, 1125, 1126, 1127, 1128, 1130, 1131, 1156, 1157, 1158, 1159, 1160, 1161, 1162, 1163, 1124, 1125, 1126, 1127, 1128, 1129, 1130, 1131, 1156, 1157, 1158, 1159, 1160, 1161, 1162, 1163, 1124, 1125, 1126, 1127, 1128, 1129, 1130, 1131, 1156, 1157, 1158, 1159, 1160, 1161, 1162, 1163, 1124, 1125, 1126, 1127, 1128, 1129, 1130, 1131, 1102, 1102, 1102, 1102, 1102, 1102, 1102, 1102
1124, 1125, 1126, 1127, 1128, 1129, 1130, 1156, 1157, 1158, 1159, 1160, 1161, 1162, 1163, 1124, 1125, 1126, 1127, 1128, 1129, 1130, 1156, 1157, 1158, 1159, 1160, 1161, 1162, 1163, 1124, 1125, 1126, 1127, 1128, 1129, 1130, 1131, 1156, 1157, 1158, 1159, 1160, 1161, 1162, 1163, 1124, 1125, 1126, 1127, 1128, 1129, 1130, 1131, 1156, 1157, 1158, 1159, 1160, 1161, 1162, 1163, 1124, 1125, 1126, 1127, 1128, 1129, 1130, 1131, 1156, 1157, 1102, 1102, 1102, 1102, 1102, 1102, 1102, 1102
1156, 1157, 1158, 1159, 1160, 1161, 1162, 1158, 1159, 1160, 1161, 1162, 1163, 1124, 1125, 1126, 1127, 1128, 1129, 1130, 1131, 1156, 1158, 1159, 1160, 1161, 1162, 1163, 1124, 1125, 1126, 1127, 1128, 1129, 1130, 1131, 1156, 1157, 1158, 1159, 1160, 1161, 1162, 1163, 1124, 1125, 1126, 1127, 1128, 1129, 1130, 1131, 1156, 1157, 1158, 1159, 1160, 1161, 1162, 1163, 1124, 1125, 1126, 1127, 1128, 1129, 1130, 1131, 1156, 1157, 1158, 1159, 1102, 1102, 1102, 1102, 1102, 1102, 1102, 1102
1124, 1125, 1126, 1127, 1128, 1129, 1130, 1160, 1161, 1162, 1163, 1124, 1125, 1126, 1127, 1128, 1129, 1130, 1131, 1156, 1157, 1158, 1160, 1161, 1162, 1163, 1124, 1125, 1126, 1127, 1128, 1129, 1130, 1131, 1156, 1157, 1158, 1159, 1160, 1161, 1162, 1163, 1124, 1125, 1126, 1127, 1128, 1129, 1130, 1131, 1156, 1157, 1158, 1159, 1160, 1161, 1162, 1163, 1124, 1125, 1126, 1127, 1128, 1129, 1130, 1131, 1156, 1157, 1158, 1159, 1160, 1161, 1102, 1102, 1102, 1102, 1102, 1102, 1102, 1102
1156, 1157, 1158, 1159, 1160, 1161, 1162, 1162, 1163, 1124, 1125, 1126, 1127, 1128, 1129, 1130, 1131, 1156, 1157, 1158, 1159, 1160, 1162, 1163, 1124, 1125, 1126, 1127, 1128, 1129, 1130, 1131, 1156, 1157, 1158, 1159, 1160, 1161, 1162, 1163, 1124, 1125, 1126, 1127, 1128, 1129, 1130, 1131, 1156, 1157, 1158, 1159, 1160, 1161, 1162, 1163, 1124, 1125, 1126, 1127, 1128, 1129, 1130, 1131, 1156, 1157, 1158, 1159, 1160, 1161, 1162, 1163, 1102, 1102, 1102, 1102, 1102, 1102, 1102, 1102
1102, 1089, 1093, 1093, 1093, 1093, 1093, 1093, 1093, 1093, 1093, 1093, 1093, 1093, 1093, 1053, 1053, 1093, 1093, 1093, 1093, 1093, 1093, 1093, 1093, 1093, 1093, 1093, 1093, 1093, 1093, 1093, 1093, 1093, 1093, 1093, 1093, 1093, 1093, 1093, 1093, 1093, 1093, 1093, 1093, 1093, 1053, 1053, 1093, 1093, 1093, 1093, 1093, 1093, 1093, 1093, 1093, 1093, 1093, 1093, 1093, 1093, 1093, 1093, 1093, 1093, 1093, 1093, 1093, 1093, 1093, 1100, 1102, 1102, 1102, 1102, 1102, 1102, 1102, 1102
1102, 1103, 256, 257, 163, 32, 33, 34, 35, 1053, 1053, 38, 39, 40, 41, 1052, 1052, 44, 45, 46, 47, 48, 49, 50, 51, 259, 260, 256, 257, 130, 131, 132, 1053, 1053, 201, 202, 203, 204, 205, 206, 1053, 1053, 201, 201, 201, 201, 1052, 1052, 201, 201, 201, 201, 230, 231, 232, 233, 234, 235, 236, 259, 260, 261, 262, 263, 264, 265, 266, 267, 268, 274, 275, 1106, 1102, 1102, 1102, 1102, 1102, 1102, 1102, 1102
1102, 1103, 288, 289, 227, 64, 65, 66, 67, 1053, 1053, 70, 71, 72, 73, 74, 75, 76, 77, 78, 79, 80, 81, 82, 83, 291, 292, 288, 0, 1, 2, 3, 1053, 1053, 233, 234, 235, 236, 237, 238, 1053, 1053, 201, 201, 201, 201, 201, 201, 201, 201, 201, 201, 294, 295, 296, 297, 298, 299, 300, 323, 324, 325, 326, 327, 328, 329, 330, 331, 332, 306, 307, 1106, 1102, 1102, 1102, 1102, 1102, 1102, 1102, 1102
1102, 1103, 320, 321, 291, 96, 97, 98, 99, 1053, 1053, 102, 103, 104, 105, 106, 107, 108, 109, 110, 111, 112, 113, 114, 115, 323, 324, 320, 32, 33, 34, 35, 1053, 1053, 265, 266, 267, 268, 269, 270, 1053, 1053, 46, 201, 202, 203, 204, 205, 206, 355, 201, 202, 203, 204, 205, 206, 362, 363, 364, 387, 388, 389, 390, 391, 392, 393, 394, 395, 396, 338, 339, 1106, 1102, 1102, 1102, 1102, 1102, 1102, 1102, 1102
1102, 1103, 352, 353, 355, 128, 129, 130, 131, 1053, 1053, 134, 135, 136, 137, 138, 139, 140, 141, 142, 143, 144, 145, 0, 1, 2, 3, 4, 64, 65, 66, 67, 1053, 1053, 297, 298, 299, 300, 301, 302, 1053, 1053, 201, 233, 234, 235, 236, 237, 238, 201, 233, 234, 235, 236, 237, 238, 106, 107, 108, 131, 132, 133, 134, 135, 136, 137, 138, 139, 140, 370, 371, 1106, 1102, 1102, 1102, 1102, 1102, 1102, 1102, 1102
1102, 1103, 384, 385, 99, 160, 161, 162, 163, 1053, 1053, 166, 167, 168, 169, 170, 171, 172, 173, 174, 175, 176, 177, 32, 33, 34, 35, 36, 96, 97, 98, 99, 1053, 1053, 329, 330, 331, 332, 333, 334, 1053, 1053, 201, 265, 266, 267, 268, 269, 270, 201, 265, 266, 267, 268, 269, 270, 170, 171, 172, 195, 196, 197, 198, 199, 200, 201, 202, 203, 204, 402, 403, 1106, 1102, 1102, 1102, 1102, 1102, 1102, 1102, 1102
1102, 1103, 416, 417, 163, 192, 193, 194, 195, 1053, 1053, 198, 199, 200, 201, 202, 203, 204, 205, 206, 207, 208, 209, 64, 65, 66, 67, 68, 128, 129, 130, 131, 1053, 1053, 361, 362, 363, 364, 365, 366, 1053, 1053, 201, 297, 298, 299, 300, 301, 302, 201, 297, 298, 299, 300, 301, 302, 234, 235, 236, 259, 260, 261, 262, 263, 264, 265, 266, 267, 268, 434, 435, 1106, 1102, 1102, 1102, 1102, 1102, 1102, 1102, 1102
1102, 1103, 448, 449, 227, 224, 225, 226, 227, 1053, 1053, 230, 231, 232, 201, 202, 203, 204, 205, 206, 239, 240, 201, 202, 203, 204, 205, 206, 104, 105, 162, 163, 1053, 1053, 100, 101, 102, 103, 104, 105, 1053, 1053, 201, 329, 330, 331, 332, 333, 334, 101, 329, 201, 202, 203, 204, 205, 206, 19, 300, 323, 324, 325, 326, 327, 328, 329, 330, 331, 332, 466, 467, 1106, 1102, 1102, 1102, 1102, 1102, 1102, 1102, 1102
1102, 1103, 480, 481, 291, 256, 257, 258, 259, 1053, 1053, 262, 263, 264, 233, 234, 235, 236, 237, 238, 271, 272, 233, 234, 235, 236, 237, 238, 136, 137, 194, 195, 1053, 1053, 132, 133, 134, 135, 136, 137, 1053, 1053, 206, 361, 362, 363, 364, 365, 366, 311, 361, 233, 234, 235, 236, 237, 238, 51, 364, 387, 388, 389, 390, 391, 392, 393, 394, 395, 396, 498, 499, 1138, 1102, 1102, 1102, 1102, 1102, 1102, 1102, 1102
1102, 1103, 201, 202, 203, 204, 205, 206, 1, 1053, 1053, 4, 5, 6, 265, 266, 267, 268, 269, 270, 13, 0, 265, 266, 267, 268, 269, 270, 168, 169, 213, 227, 1053, 1053, 164, 165, 166, 167, 168, 169, 1053, 1053, 101, 101, 101, 101, 340, 341, 342, 343, 344, 265, 266, 267, 268, 269, 270, 83, 108, 131, 132, 133, 134, 135, 136, 137, 138, 139, 140, 530, 531, 1074, 1105, 1102, 1102, 1102, 1102, 1102, 1102, 1102
1102, 1103, 233, 234, 235, 236, 237, 238, 179, 1053, 1053, 2, 3, 4, 297, 298, 299, 300, 301, 302, 6, 7, 297, 298, 299, 300, 301, 302, 200, 201, 213, 259, 1053, 1053, 196, 197, 198, 199, 200, 201, 1053, 1053, 101, 101, 101, 101, 372, 373, 374, 375, 376, 297, 298, 299, 201, 202, 203, 204, 205, 206, 8, 9, 10, 11, 12, 13, 14, 15, 16, 17, 18, 1074, 1105, 1102, 1102, 1102, 1102, 1102, 1102, 1102
1102, 1103, 265, 266, 267, 268, 269, 270, 179, 1053, 1053, 34, 35, 36, 329, 330, 331, 332, 333, 334, 38, 39, 329, 330, 331, 332, 333, 334, 232, 233, 213, 291, 1053, 1053, 228, 229, 230, 231, 232, 233, 1053, 1053, 101, 308, 309, 310, 311, 312, 313, 407, 408, 329, 330, 331, 233, 234, 235, 236, 237, 238, 40, 41, 42, 43, 44, 45, 46, 47, 48, 49, 50, 1074, 1105, 1102, 1102, 1102, 1102, 1102, 1102, 1102
1102, 1103, 297, 298, 299, 300, 301, 302, 179, 1053, 1053, 66, 67, 68, 361, 362, 363, 364, 365, 366, 70, 71, 361, 362, 363, 364, 365, 366, 264, 265, 322, 323, 1053, 1053, 260, 261, 262, 263, 264, 265, 1053, 1053, 101, 340, 341, 342, 343, 344, 345, 439, 440, 361, 362, 363, 265, 266, 267, 268, 269, 270, 72, 73, 74, 75, 76, 77, 78, 79, 80, 81, 82, 1074, 1105, 1102, 1102, 1102, 1102, 1102, 1102, 1102
1102, 1103, 329, 330, 331, 332, 333, 334, 206, 1053, 1053, 98, 99, 100, 101, 102, 103, 99, 100, 101, 102, 103, 35, 36, 37, 38, 39, 40, 352, 353, 354, 355, 1053, 1053, 358, 359, 242, 242, 179, 179, 1053, 1053, 101, 372, 373, 374, 375, 376, 377, 471, 472, 473, 101, 101, 297, 298, 299, 300, 301, 302, 104, 105, 106, 107, 108, 109, 110, 111, 112, 113, 114, 1074, 1105, 1102, 1102, 1102, 1102, 1102, 1102, 1102
1102, 1103, 361, 362, 363, 364, 365, 366, 238, 1053, 1053, 130, 131, 132, 133, 134, 135, 131, 132, 133, 134, 135, 67, 68, 69, 70, 71, 72, 384, 385, 386, 387, 1053, 1053, 201, 202, 203, 204, 205, 206, 1053, 1053, 101, 404, 405, 406, 407, 408, 409, 101, 101, 101, 101, 101, 329, 330, 331, 332, 333, 334, 136, 201, 202, 203, 204, 205, 206, 143, 144, 145, 146, 1074, 1105, 1102, 1102, 1102, 1102, 1102, 1102, 1102
1102, 1103, 256, 265, 266, 267, 268, 269, 270, 1053, 1053, 162, 163, 164, 165, 166, 167, 163, 164, 165, 166, 167, 99, 100, 101, 102, 103, 104, 416, 417, 418, 419, 1053, 1053, 233, 234, 235, 236, 237, 238, 1053, 1053, 101, 436, 437, 438, 439, 440, 441, 101, 201, 168, 160, 161, 361, 362, 363, 364, 365, 366, 168, 233, 234, 235, 236, 237, 238, 175, 176, 177, 178, 1074, 1105, 1102, 1102, 1102, 1102, 1102, 1102, 1102
1102, 1103, 288, 297, 298, 299, 300, 301, 302, 1053, 1053, 100, 101, 102, 103, 104, 162, 163, 164, 165, 166, 167, 131, 132, 133, 134, 135, 136, 448, 449, 450, 451, 1053, 1053, 265, 266, 267, 268, 269, 270, 1053, 1053, 101, 468, 469, 470, 471, 472, 473, 101, 201, 200, 192, 201, 202, 203, 204, 205, 206, 199, 200, 265, 266, 267, 268, 269, 270, 207, 208, 209, 210, 1074, 1105, 1102, 1102, 1102, 1102, 1102, 1102, 1102
1102, 1103, 320, 329, 330, 331, 332, 333, 334, 1053, 1053, 1053, 1053, 1053, 1053, 1053, 1053, 1053, 1053, 1053, 1053, 162, 163, 164, 165, 166, 167, 168, 480, 481, 482, 483, 1053, 1053, 297, 298, 299, 300, 301, 302, 1053, 1053, 1053, 1053, 1053, 1053, 1053, 1053, 1053, 1053, 1053, 232, 224, 233, 234, 235, 236, 237, 238, 231, 232, 297, 298, 299, 300, 301, 302, 239, 240, 241, 242, 1074, 1105, 1102, 1102, 1102, 1102, 1102, 1102, 1102
1102, 1103, 352, 361, 362, 363, 364, 365, 366, 1053, 1053, 1053, 1053, 1053, 1053, 1053, 1053, 1053, 1053, 1053, 1053, 6, 7, 8, 9, 10, 11, 12, 512, 513, 514, 515, 1053, 1053, 329, 330, 331, 332, 333, 334, 1053, 1053, 1053, 1053, 1053, 1053, 1053, 1053, 1053, 1053, 1053, 264, 256, 265, 266, 267, 268, 269, 270, 263, 264, 329, 330, 331, 332, 333, 334, 271, 272, 273, 274, 1074, 1105, 1102, 1102, 1102, 1102, 1102, 1102, 1102
1102, 1103, 384, 385, 355, 356, 357, 192, 193, 194, 195, 196, 32, 33, 34, 32, 33, 34, 35, 36, 37, 38, 39, 40, 41, 42, 43, 44, 45, 46, 47, 48, 1053, 1053, 361, 362, 363, 364, 365, 366, 201, 201, 201, 201, 201, 201, 201, 201, 201, 201, 201, 201, 288, 297, 298, 299, 300, 301, 302, 295, 296, 361, 362, 363, 364, 365, 366, 303, 304, 305, 306, 1074, 1105, 1102, 1102, 1102, 1102, 1102, 1102, 1102
1102, 1103, 416, 417, 355, 356, 357, 224, 225, 226, 227, 228, 64, 65, 66, 64, 65, 66, 67, 68, 69, 70, 71, 72, 73, 74, 75, 76, 77, 78, 79, 80, 1053, 1053, 83, 272, 242, 201, 202, 203, 204, 205, 206, 201, 201, 202, 203, 204, 205, 206, 201, 201, 1, 329, 330, 331, 332, 333, 334, 8, 9, 10, 11, 12, 13, 14, 15, 16, 17, 18, 19, 1074, 1105, 1102, 1102, 1102, 1102, 1102, 1102, 1102
1102, 1103, 448, 449, 450, 451, 452, 256, 257, 258, 259, 260, 96, 97, 98, 96, 97, 98, 99, 100, 101, 102, 103, 104, 105, 106, 107, 108, 109, 110, 111, 112, 1053, 1053, 201, 201, 201, 233, 234, 235, 236, 237, 238, 201, 233, 234, 235, 236, 237, 238, 359, 32, 33, 361, 362, 363, 364, 365, 366, 40, 41, 42, 43, 44, 45, 46, 47, 48, 49, 50, 51, 1074, 1105, 1102, 1102, 1102, 1102, 1102, 1102, 1102
1102, 1103, 480, 481, 482, 483, 484, 288, 289, 290, 291, 292, 128, 129, 130, 128, 129, 130, 131, 132, 133, 134, 135, 136, 137, 138, 139, 140, 141, 142, 143, 144, 1053, 1053, 201, 201, 201, 265, 266, 267, 268, 269, 270, 201, 265, 266, 267, 268, 269, 270, 391, 64, 65, 66, 67, 68, 69, 70, 71, 72, 73, 74, 75, 76, 77, 78, 79, 80, 81, 82, 83, 1074, 1105, 1102, 1102, 1102, 1102, 1102, 1102, 1102
1102, 1103, 512, 513, 514, 515, 516, 320, 321, 322, 323, 324, 160, 161, 162, 160, 161, 162, 163, 164, 165, 166, 167, 168, 169, 170, 171, 172, 173, 174, 175, 176, 1053, 1053, 179, 368, 242, 297, 298, 299, 300, 301, 302, 100, 297, 298, 299, 300, 301, 302, 423, 96, 97, 98, 99, 100, 101, 102, 103, 104, 105, 106, 107, 108, 109, 110, 111, 112, 113, 114, 115, 1074, 1105, 1102, 1102, 1102, 1102, 1102, 1102, 1102
1102, 1103, 64, 65, 66, 67, 68, 352, 353, 354, 355, 356, 192, 193, 194, 192, 193, 194, 195, 196, 197, 198, 199, 200, 201, 202, 203, 204, 205, 206, 207, 208, 209, 210, 211, 400, 401, 329, 330, 331, 332, 333, 334, 132, 329, 330, 331, 332, 333, 334, 455, 128, 129, 130, 131, 132, 133, 134, 135, 136, 137, 138, 139, 140, 141, 142, 143, 144, 145, 146, 147, 1074, 1105, 1102, 1102, 1102, 1102, 1102, 1102, 1102
1102, 1103, 64, 65, 66, 67, 68, 384, 385, 386, 387, 388, 224, 225, 226, 224, 225, 226, 227, 228, 229, 230, 231, 232, 233, 234, 235, 236, 237, 238, 239, 240, 241, 242, 243, 432, 433, 361, 362, 363, 364, 365, 366, 164, 361, 362, 363, 364, 365, 366, 487, 160, 161, 162, 163, 164, 165, 166, 167, 168, 169, 170, 171, 172, 173, 174, 175, 176, 177, 178, 179, 1074, 1105, 1102, 1102, 1102, 1102, 1102, 1102, 1102
1102, 1103, 96, 97, 98, 99, 100, 416, 417, 418, 419, 420, 256, 257, 258, 256, 257, 258, 259, 260, 261, 262, 263, 264, 265, 266, 267, 268, 269, 270, 271, 272, 273, 274, 275, 464, 465, 466, 467, 192, 100, 101, 102, 103, 104, 105, 199, 200, 201, 101, 519, 192, 201, 202, 203, 204, 205, 206, 199, 200, 201, 202, 203, 204, 205, 206, 207, 208, 209, 210, 211, 1074, 1105, 1102, 1102, 1102, 1102, 1102, 1102, 1102
1102, 1103, 128, 129, 130, 131, 132, 448, 449, 450, 451, 452, 288, 289, 290, 288, 289, 290, 291, 292, 293, 294, 295, 296, 297, 298, 299, 300, 301, 302, 303, 304, 305, 306, 307, 496, 497, 498, 499, 224, 132, 133, 134, 135, 136, 137, 231, 232, 233, 104, 105, 224, 233, 234, 235, 236, 237, 238, 231, 232, 233, 234, 235, 236, 237, 238, 239, 240, 241, 242, 243, 1074, 1105, 1102, 1102, 1102, 1102, 1102, 1102, 1102
1102, 1103, 160, 161, 162, 163, 164, 480, 481, 482, 483, 484, 320, 321, 322, 320, 321, 322, 323, 324, 325, 100, 101, 102, 103, 104, 105, 332, 333, 334, 335, 336, 337, 338, 339, 528, 529, 530, 531, 256, 164, 165, 166, 167, 168, 169, 263, 264, 265, 136, 137, 256, 265, 266, 267, 268, 269, 270, 263, 264, 265, 266, 267, 268, 269, 270, 271, 272, 273, 274, 275, 1074, 1105, 1102, 1102, 1102, 1102, 1102, 1102, 1102
1102, 1103, 192, 193, 194, 195, 196, 512, 513, 514, 515, 516, 352, 353, 354, 352, 353, 354, 355, 356, 357, 132, 133, 134, 135, 136, 137, 364, 365, 366, 367, 368, 369, 370, 371, 296, 297, 298, 299, 288, 196, 197, 198, 199, 200, 201, 105, 166, 167, 168, 169, 288, 297, 298, 299, 300, 301, 302, 295, 296, 297, 298, 299, 300, 301, 302, 303, 304, 305, 306, 307, 1074, 1105, 1102, 1102, 1102, 1102, 1102, 1102, 1102
1102, 1103, 224, 225, 226, 227, 228, 229, 230, 355, 356, 357, 384, 385, 386, 384, 385, 386, 387, 388, 389, 164, 165, 166, 167, 168, 169, 396, 397, 398, 399, 400, 401, 402, 403, 360, 361, 362, 363, 320, 228, 229, 230, 231, 232, 233, 137, 198, 199, 200, 201, 320, 329, 330, 331, 332, 333, 334, 327, 328, 329, 330, 331, 332, 333, 334, 335, 336, 337, 338, 339, 1074, 1105, 1102, 1102, 1102, 1102, 1102, 1102, 1102
1102, 1103, 256, 257, 258, 259, 260, 261, 262, 99, 100, 101, 416, 417, 418, 416, 417, 418, 419, 420, 421, 196, 197, 198, 199, 200, 201, 428, 429, 430, 431, 432, 433, 434, 435, 104, 105, 106, 107, 352, 260, 261, 262, 263, 264, 265, 169, 230, 231, 232, 233, 352, 361, 362, 363, 364, 365, 366, 359, 360, 361, 362, 363, 364, 365, 366, 367, 368, 369, 370, 371, 1074, 1105, 1102, 1102, 1102, 1102, 1102, 1102, 1102
1102, 1103, 288, 289, 290, 291, 292, 293, 294, 163, 164, 165, 448, 449, 450, 448, 449, 450, 451, 452, 453, 228, 229, 230, 231, 232, 233, 460, 461, 462, 463, 464, 465, 466, 467, 168, 169, 170, 171, 384, 385, 196, 197, 198, 199, 200, 201, 262, 263, 264, 265, 384, 385, 386, 387, 388, 389, 390, 391, 392, 393, 394, 395, 396, 397, 398, 399, 400, 401, 402, 403, 1074, 1102, 1102, 1102, 1102, 1102, 1102, 1102, 1102
1102, 1103, 320, 321, 322, 323, 324, 325, 326, 227, 228, 229, 480, 481, 482, 480, 481, 482, 483, 484, 485, 260, 261, 262, 263, 264, 265, 492, 493, 494, 495, 496, 497, 498, 499, 232, 233, 234, 235, 416, 417, 228, 229, 230, 231, 232, 233, 482, 483, 484, 485, 416, 417, 418, 419, 420, 421, 422, 423, 424, 425, 426, 427, 428, 429, 430, 431, 432, 433, 434, 435, 1138, 1102, 1102, 1102, 1102, 1102, 1102, 1102, 1102
1102, 1103, 352, 353, 354, 355, 356, 357, 358, 291, 292, 293, 512, 513, 514, 512, 513, 514, 515, 516, 517, 518, 519, 520, 521, 522, 523, 524, 525, 526, 527, 528, 529, 530, 531, 296, 297, 298, 299, 448, 449, 260, 261, 262, 263, 264, 265, 514, 515, 516, 517, 448, 449, 450, 451, 452, 453, 454, 455, 456, 457, 458, 459, 460, 461, 462, 463, 464, 465, 466, 467, 1106, 1102, 1102, 1102, 1102, 1102, 1102, 1102, 1102
1102, 1103, 384, 385, 386, 387, 388, 389, 390, 355, 356, 357, 358, 359, 360, 361, 362, 363, 364, 387, 388, 389, 390, 391, 392, 393, 394, 395, 396, 136, 355, 356, 357, 358, 359, 360, 361, 362, 363, 480, 481, 482, 483, 484, 485, 486, 487, 488, 489, 490, 491, 480, 481, 482, 483, 484, 485, 486, 487, 488, 489, 490, 491, 492, 493, 494, 495, 496, 497, 498, 499, 1106, 1102, 1102, 1102, 1102, 1102, 1102, 1102, 1102
1102, 1103, 416, 417, 418, 419, 420, 421, 422, 423, 424, 425, 426, 427, 163, 164, 165, 166, 167, 168, 169, 170, 171, 172, 195, 196, 197, 198, 199, 200, 201, 202, 203, 204, 397, 398, 399, 400, 401, 512, 513, 514, 515, 516, 517, 518, 519, 520, 521, 522, 523, 512, 513, 514, 515, 516, 517, 518, 519, 520, 521, 522, 523, 524, 525, 526, 527, 528, 529, 530, 531, 1106, 1102, 1102, 1102, 1102, 1102, 1102, 1102, 1102
1102, 1103, 448, 449, 450, 451, 452, 453, 454, 455, 456, 457, 458, 459, 227, 228, 229, 230, 231, 232, 233, 234, 235, 236, 259, 260, 261, 262, 263, 264, 265, 266, 267, 268, 429, 430, 431, 432, 433, 434, 435, 436, 208, 291, 292, 293, 294, 295, 296, 297, 298, 299, 300, 323, 324, 325, 326, 327, 328, 329, 330, 331, 332, 208, 208, 208, 208, 208, 208, 208, 208, 1106, 1102, 1102, 1102, 1102, 1102, 1102, 1102, 1102
1102, 1103, 480, 481, 482, 483, 484, 485, 486, 487, 488, 489, 490, 491, 291, 292, 293, 294, 295, 296, 297, 298, 299, 300, 323, 324, 325, 326, 327, 328, 329, 330, 331, 332, 461, 462, 463, 464, 465, 466, 467, 468, 208, 355, 356, 357, 358, 359, 360, 361, 362, 363, 364, 387, 388, 389, 390, 391, 392, 393, 394, 395, 396, 208, 208, 208, 208, 208, 208, 208, 208, 1138, 1102, 1102, 1102, 1102, 1102, 1102, 1102, 1102
1102, 1103, 512, 513, 514, 515, 516, 517, 518, 519, 520, 521, 522, 523, 355, 356, 357, 358, 359, 360, 361, 362, 363, 364, 387, 388, 389, 390, 391, 392, 393, 394, 395, 396, 208, 208, 208, 208, 208, 208, 208, 208, 208, 208, 208, 208, 208, 208, 208, 208, 208, 208, 208, 208, 208, 208, 208, 208, 208, 208, 208, 208, 208, 208, 208, 208, 208, 208, 208, 208, 208, 1138, 1102, 1102, 1102, 1102, 1102, 1102, 1102, 1102
1102, 1103, 32, 33, 34, 35, 36, 37, 38, 39, 40, 41, 42, 43, 44, 45, 46, 47, 48, 49, 50, 51, 32, 33, 34, 35, 36, 37, 38, 39, 40, 41, 42, 43, 44, 45, 46, 47, 48, 49, 32, 33, 34, 35, 36, 37, 38, 39, 40, 41, 42, 32, 33, 34, 35, 36, 37, 38, 39, 40, 41, 42, 43, 44, 45, 46, 47, 48, 49, 50, 51, 1138, 1102, 1102, 1102, 1102, 1102, 1102, 1102, 1102
1102, 1103, 64, 65, 66, 67, 68, 69, 70, 71, 72, 73, 74, 75, 76, 77, 78, 79, 80, 81, 82, 83, 64, 65, 66, 67, 68, 69, 70, 71, 72, 73, 74, 75, 76, 77, 78, 79, 80, 81, 64, 65, 66, 67, 68, 69, 70, 71, 72, 73, 74, 64, 65, 66, 67, 68, 69, 70, 71, 72, 73, 74, 75, 76, 77, 78, 79, 80, 81, 82, 83, 1138, 1102, 1102, 1102, 1102, 1102, 1102, 1102, 1102
1102, 1103, 96, 97, 98, 99, 100, 101, 102, 103, 104, 105, 106, 107, 108, 109, 110, 111, 112, 113, 114, 115, 96, 97, 98, 99, 100, 101, 102, 103, 104, 105, 106, 107, 108, 109, 110, 111, 112, 113, 96, 97, 98, 99, 100, 101, 102, 103, 104, 105, 106, 96, 97, 98, 99, 100, 101, 102, 103, 104, 105, 106, 107, 108, 109, 110, 111, 112, 113, 114, 115, 1138, 1102, 1102, 1102, 1102, 1102, 1102, 1102, 1102
1102, 1103, 128, 129, 130, 131, 132, 133, 134, 135, 136, 137, 138, 139, 140, 141, 142, 143, 144, 145, 146, 147, 128, 129, 130, 131, 132, 133, 134, 135, 136, 137, 138, 139, 140, 141, 142, 143, 144, 145, 128, 129, 130, 131, 132, 133, 134, 135, 136, 137, 138, 128, 129, 130, 131, 132, 133, 134, 135, 136, 137, 138, 139, 140, 141, 142, 143, 144, 145, 146, 147, 1138, 1102, 1102, 1102, 1102, 1102, 1102, 1102, 1102
1102, 1103, 160, 161, 162, 163, 164, 165, 166, 167, 168, 169, 170, 171, 172, 173, 174, 175, 176, 177, 178, 179, 160, 161, 162, 163, 164, 165, 166, 167, 168, 169, 170, 171, 172, 173, 174, 175, 176, 177, 160, 161, 162, 163, 164, 165, 166, 167, 168, 169, 170, 160, 161, 162, 163, 164, 165, 166, 167, 168, 169, 170, 171, 172, 173, 174, 175, 176, 177, 178, 179, 1138, 1102, 1102, 1102, 1102, 1102, 1102, 1102, 1102
1102, 1103, 192, 193, 194, 195, 196, 197, 198, 199, 200, 201, 202, 203, 204, 205, 206, 207, 208, 209, 210, 211, 192, 193, 194, 195, 196, 197, 198, 199, 200, 201, 202, 203, 204, 205, 206, 207, 208, 209, 192, 193, 194, 195, 196, 197, 198, 199, 200, 201, 202, 192, 193, 194, 195, 196, 197, 198, 199, 200, 201, 202, 203, 204, 205, 206, 207, 208, 209, 210, 211, 1138, 1102, 1102, 1102, 1102, 1102, 1102, 1102, 1102
1102, 1057, 1059, 1059, 1059, 1059, 1059, 1059, 1059, 1059, 1059, 1059, 1059, 1059, 1059, 1059, 1059, 1059, 1059, 1059, 1059, 1059, 1059, 1059, 1059, 1059, 1059, 1059, 1059, 1059, 1059, 1059, 1059, 1059, 1059, 1059, 1059, 1059, 1059, 1059, 1059, 1059, 1059, 1059, 1059, 1059, 1059, 1059, 1059, 1059, 1059, 1059, 1059, 1059, 1059, 1059, 1059, 1059, 1059, 1059, 1059, 1059, 1059, 1059, 1059, 1059, 1059, 1059, 1059, 1059, 1059, 1068, 1102, 1102, 1102, 1102, 1102, 1102, 1102, 1102
1102, 1102, 1102, 1102, 1102, 1102, 1102, 1102, 1102, 1102, 1102, 1102, 1102, 1102, 1102, 1102, 1102, 1102, 1102, 1102, 1102, 1102, 1102, 1102, 1102, 1102, 1102, 1102, 1102, 1102, 1102, 1102, 1102, 1102, 1102, 1102, 1102, 1102, 1102, 1102, 1102, 1102, 1102, 1102, 1102, 1102, 1102, 1102, 1102, 1102, 1102, 1102, 1102, 1102, 1102, 1102, 1102, 1102, 1102, 1102, 1102, 1102, 1102, 1102, 1102, 1102, 1102, 1102, 1102, 1102, 1102, 1102, 1102, 1102, 1102, 1102, 1102, 1102, 1102, 1102
1102, 1102, 1102, 1102, 1102, 1102, 1102, 1102, 1102, 1102, 1102, 1102, 1102, 1102, 1102, 1102, 1102, 1102, 1102, 1102, 1102, 1102, 1102, 1102, 1102, 1102, 1102, 1102, 1102, 1102, 1102, 1102, 1102, 1102, 1102, 1102, 1102, 1102, 1102, 1102, 1102, 1102, 1102, 1102, 1102, 1102, 1102, 1102, 1102, 1102, 1102, 1102, 1102, 1102, 1102, 1102, 1102, 1102, 1102, 1102, 1102, 1102, 1102, 1102, 1102, 1102, 1102, 1102, 1102, 1102, 1102, 1102, 1102, 1102, 1102, 1102, 1102, 1102, 1102, 1102
1102, 1102, 1102, 1102, 1102, 1102, 1102, 1102, 1102, 1102, 1102, 1102, 1102, 1102, 1102, 1102, 1102, 1102, 1102, 1102, 1102, 1102, 1102, 1102, 1102, 1102, 1102, 1102, 1102, 1102, 1102, 1102, 1102, 1102, 1102, 1102, 1102, 1102, 1102, 1102, 1102, 1102, 1102, 1102, 1102, 1102, 1102, 1102, 1102, 1102, 1102, 1102, 1102, 1102, 1102, 1102, 1102, 1102, 1102, 1102, 1102, 1102, 1102, 1102, 1102, 1102, 1102, 1102, 1102, 1102, 1102, 1102, 1102, 1102, 1102, 1102, 1102, 1102, 1102, 1102
1102, 1102, 1102, 1102, 1102, 1102, 1102, 1102, 1102, 1102, 1102, 1102, 1102, 1102, 1102, 1102, 1102, 1102, 1102, 1102, 1102, 1102, 1102, 1102, 1102, 1102, 1102, 1102, 1102, 1102, 1102, 1102, 1102, 1102, 1102, 1102, 1102, 1102, 1102, 1102, 1102, 1102, 1102, 1102, 1102, 1102, 1102, 1102, 1102, 1102, 1102, 1102, 1102, 1102, 1102, 1102, 1102, 1102, 1102, 1102, 1102, 1102, 1102, 1102, 1102, 1102, 1102, 1102, 1102, 1102, 1102, 1102, 1102, 1102, 1102, 1102, 1102, 1102, 1102, 1102
1102, 1102, 1102, 1102, 1102, 1102, 1102, 1102, 1102, 1102, 1102, 1102, 1102, 1102, 1102, 1102, 1102, 1102, 1102, 1102, 1102, 1102, 1102, 1102, 1102, 1102, 1102, 1102, 1102, 1102, 1102, 1102, 1102, 1102, 1102, 1102, 1102, 1102, 1102, 1102, 1102, 1102, 1102, 1102, 1102, 1102, 1102, 1102, 1102, 1102, 1102, 1102, 1102, 1102, 1102, 1102, 1102, 1102, 1102, 1102, 1102, 1102, 1102, 1102, 1102, 1102, 1102, 1102, 1102, 1102, 1102, 1102, 1102, 1102, 1102, 1102, 1102, 1102, 1102, 1102
