1102, 1102, 1102, 1102, 1102, 1102, 1102, 1102, 1102, 1102, 1102, 1102, 1102, 1102, 1102, 1102, 1102, 1102, 1102, 1102, 1102, 1102, 1102, 1102, 1102, 1102, 1102, 1136, 1136, 1102, 1102, 1102, 1102, 1102, 1102, 1102, 1102, 1102, 1102, 1102, 1102, 1102, 1102, 1102, 1102, 1102, 1102, 1102, 1102, 1102, 1102, 1102, 1102, 1102, 1102, 1102, 1102, 1102, 1102, 1102, 1102, 1102, 1102, 1102, 1102, 1102, 1102, 1102, 1102, 1102, 1102, 1102, 1102, 1102, 1102, 1102, 1102, 1102, 1102, 1102
1102, 1102, 1102, 1102, 1102, 1102, 1102, 1102, 1102, 1102, 1102, 1102, 1102, 1102, 1102, 1102, 1102, 1102, 1102, 1102, 1102, 1102, 1102, 1102, 1102, 1102, 1102, 1136, 1136, 1102, 1102, 1102, 1102, 1102, 1102, 1102, 1102, 1102, 1102, 1102, 1102, 1102, 1102, 1102, 1102, 1102, 1102, 1102, 1102, 1102, 1102, 1102, 1102, 1102, 1102, 1102, 1102, 1102, 1102, 1102, 1102, 1102, 1102, 1102, 1102, 1102, 1102, 1102, 1102, 1102, 1102, 1102, 1102, 1102, 1102, 1102, 1102, 1102, 1102, 1102
1102, 1089, 1097, 1090, 1097, 1097, 1053, 1053, 1097, 1097, 1097, 1097, 1097, 1097, 1097, 1097, 1097, 1097, 1097, 1097, 1097, 1097, 1097, 1097, 1097, 1097, 1097, 1097, 1097, 1097, 1097, 1097, 1097, 1097, 1097, 1097, 1097, 1097, 1097, 1097, 1097, 1097, 1097, 1097, 1097, 1097, 1097, 1097, 1097, 1097, 1097, 1097, 1097, 1097, 1097, 1097, 1097, 1097, 1097, 1097, 1097, 1097, 1097, 1097, 1097, 1053, 1053, 1097, 1097, 1097, 1097, 1100, 1102, 1102, 1102, 1102, 1102, 1102, 1102, 1102
1102, 1103, 64, 795, 795, 67, 1052, 1052, 70, 71, 72, 73, 74, 75, 76, 77, 78, 79, 80, 81, 82, 83, 64, 65, 66, 67, 68, 64, 65, 66, 67, 68, 64, 65, 66, 67, 68, 69, 64, 65, 66, 67, 68, 69, 70, 71, 72, 73, 74, 64, 65, 64, 65, 66, 67, 68, 69, 70, 71, 72, 73, 74, 75, 76, 77, 1052, 1052, 80, 81, 82, 83, 1106, 1102, 1102, 1102, 1102, 1102, 1102, 1102, 1102
1102, 1103, 96, 97, 98, 99, 100, 101, 102, 103, 104, 105, 106, 107, 108, 109, 110, 111, 112, 113, 64, 65, 96, 97, 98, 99, 100, 96, 97, 98, 99, 100, 96, 97, 98, 99, 100, 101, 96, 97, 98, 99, 100, 64, 65, 66, 64, 65, 66, 96, 97, 96, 97, 98, 99, 100, 101, 102, 103, 104, 105, 106, 107, 108, 109, 110, 111, 112, 113, 114, 115, 1106, 1102, 1102, 1102, 1102, 1102, 1102, 1102, 1102
1102, 1103, 128, 129, 130, 131, 132, 133, 134, 135, 136, 137, 138, 177, 177, 141, 142, 143, 144, 145, 96, 97, 128, 129, 130, 131, 132, 128, 129, 130, 131, 132, 128, 129, 130, 131, 132, 133, 128, 129, 130, 131, 132, 96, 97, 98, 96, 97, 98, 128, 129, 128, 129, 130, 131, 132, 133, 134, 135, 136, 137, 138, 139, 140, 141, 142, 143, 144, 145, 146, 147, 1106, 1102, 1102, 1102, 1102, 1102, 1102, 1102, 1102
1102, 1103, 160, 161, 162, 163, 164, 165, 166, 167, 168, 169, 170, 177, 177, 173, 174, 175, 176, 177, 128, 129, 160, 161, 162, 163, 164, 160, 161, 162, 163, 164, 160, 161, 162, 163, 164, 165, 160, 161, 162, 163, 164, 128, 129, 130, 128, 129, 130, 160, 161, 160, 161, 162, 163, 164, 165, 166, 167, 168, 169, 170, 171, 172, 173, 174, 175, 176, 177, 178, 179, 1106, 1102, 1102, 1102, 1102, 1102, 1102, 1102, 1102
1102, 1103, 192, 193, 194, 195, 196, 197, 198, 199, 200, 201, 202, 177, 177, 205, 206, 64, 65, 66, 160, 161, 192, 193, 194, 195, 196, 192, 193, 194, 195, 196, 192, 193, 194, 195, 196, 197, 192, 193, 194, 195, 196, 160, 161, 162, 160, 161, 162, 192, 193, 192, 193, 194, 195, 196, 197, 198, 199, 200, 201, 202, 203, 204, 205, 206, 207, 208, 209, 210, 211, 1106, 1102, 1102, 1102, 1102, 1102, 1102, 1102, 1102
1102, 1103, 224, 225, 226, 227, 228, 229, 230, 231, 232, 233, 234, 1024, 1024, 237, 238, 96, 97, 98, 192, 193, 224, 225, 226, 227, 228, 224, 225, 226, 227, 228, 224, 225, 226, 227, 228, 229, 224, 225, 226, 227, 228, 192, 193, 194, 192, 193, 194, 224, 225, 224, 225, 226, 227, 228, 229, 230, 1053, 1053, 433, 433, 235, 236, 237, 238, 239, 240, 241, 242, 243, 1106, 1102, 1102, 1102, 1102, 1102, 1102, 1102, 1102
1102, 1103, 256, 257, 258, 259, 260, 261, 262, 263, 264, 265, 266, 1024, 1024, 269, 270, 128, 664, 664, 224, 225, 256, 257, 258, 259, 260, 256, 257, 258, 259, 260, 256, 257, 258, 259, 260, 261, 256, 257, 258, 259, 260, 224, 225, 226, 224, 225, 226, 256, 257, 256, 257, 258, 259, 260, 261, 262, 1053, 1053, 433, 433, 267, 268, 269, 270, 271, 272, 273, 274, 275, 1106, 1102, 1102, 1102, 1102, 1102, 1102, 1102, 1102
1102, 1103, 288, 289, 1053, 1053, 1053, 1053, 294, 295, 296, 297, 298, 299, 300, 301, 302, 160, 177, 177, 256, 257, 288, 289, 290, 291, 292, 288, 289, 290, 291, 292, 288, 289, 290, 291, 292, 293, 288, 289, 290, 291, 292, 256, 257, 258, 256, 257, 258, 288, 289, 288, 289, 290, 291, 292, 293, 294, 295, 296, 297, 298, 299, 300, 337, 1026, 1026, 1026, 1026, 306, 307, 1106, 1102, 1102, 1102, 1102, 1102, 1102, 1102, 1102
1102, 1103, 320, 321, 1053, 1053, 1053, 1053, 326, 327, 328, 329, 330, 331, 332, 333, 334, 192, 177, 177, 288, 289, 320, 321, 322, 323, 324, 320, 321, 322, 323, 324, 320, 321, 322, 323, 324, 325, 320, 321, 322, 323, 324, 288, 289, 290, 288, 289, 290, 320, 321, 320, 321, 322, 323, 324, 325, 326, 327, 328, 329, 330, 331, 332, 337, 1026, 1026, 1026, 1026, 338, 339, 1106, 1102, 1102, 1102, 1102, 1102, 1102, 1102, 1102
1102, 1103, 352, 353, 354, 355, 356, 357, 358, 359, 360, 361, 362, 363, 364, 365, 366, 224, 177, 177, 320, 321, 352, 353, 354, 355, 356, 352, 353, 354, 355, 356, 352, 353, 354, 355, 356, 357, 352, 353, 354, 355, 356, 320, 321, 322, 320, 321, 322, 352, 353, 352, 353, 1053, 1053, 356, 357, 358, 359, 360, 361, 362, 363, 364, 365, 366, 367, 368, 369, 370, 371, 1106, 1102, 1102, 1102, 1102, 1102, 1102, 1102, 1102
1102, 1103, 384, 385, 386, 387, 388, 389, 390, 470, 470, 393, 394, 395, 396, 397, 398, 256, 1024, 1024, 352, 353, 384, 385, 386, 387, 388, 384, 385, 386, 387, 388, 384, 385, 386, 387, 388, 389, 384, 385, 386, 387, 388, 352, 353, 354, 352, 353, 354, 384, 385, 384, 385, 1053, 1053, 388, 389, 390, 391, 392, 393, 394, 395, 396, 397, 398, 399, 400, 401, 402, 403, 1106, 1102, 1102, 1102, 1102, 1102, 1102, 1102, 1102
1102, 1103, 416, 417, 418, 419, 420, 421, 470, 470, 470, 470, 470, 427, 428, 429, 430, 288, 1024, 1024, 384, 385, 416, 417, 418, 419, 420, 416, 417, 418, 419, 420, 416, 417, 418, 419, 420, 421, 416, 417, 418, 419, 420, 384, 385, 386, 384, 385, 386, 416, 417, 416, 417, 418, 419, 420, 421, 422, 423, 424, 425, 426, 427, 428, 429, 430, 431, 432, 433, 434, 435, 1106, 1102, 1102, 1102, 1102, 1102, 1102, 1102, 1102
1102, 1103, 448, 449, 450, 451, 452, 453, 470, 470, 1053, 1053, 1053, 459, 460, 461, 462, 664, 664, 664, 416, 417, 448, 449, 450, 451, 452, 448, 449, 450, 451, 452, 448, 449, 450, 451, 452, 453, 448, 449, 450, 451, 452, 416, 417, 418, 416, 417, 418, 448, 449, 448, 449, 450, 451, 452, 453, 454, 433, 433, 1026, 1026, 1026, 460, 461, 462, 463, 464, 465, 466, 467, 1106, 1102, 1102, 1102, 1102, 1102, 1102, 1102, 1102
1102, 1103, 480, 481, 482, 483, 484, 485, 486, 487, 1053, 1053, 1053, 491, 492, 493, 494, 664, 664, 664, 448, 449, 480, 177, 177, 483, 484, 480, 481, 482, 483, 484, 480, 481, 482, 483, 484, 485, 480, 481, 482, 483, 484, 448, 449, 450, 448, 449, 450, 480, 481, 480, 481, 482, 483, 484, 485, 486, 433, 433, 1026, 1026, 1026, 492, 493, 494, 495, 496, 497, 498, 499, 1106, 1102, 1102, 1102, 1102, 1102, 1102, 1102, 1102
1102, 1103, 64, 65, 66, 67, 68, 69, 70, 71, 72, 73, 74, 75, 76, 77, 78, 384, 664, 664, 480, 481, 512, 177, 177, 515, 516, 512, 513, 514, 515, 516, 512, 513, 514, 515, 516, 517, 512, 513, 514, 515, 516, 480, 481, 482, 480, 481, 1053, 1053, 513, 512, 513, 514, 515, 516, 517, 518, 519, 520, 521, 522, 523, 524, 525, 526, 527, 528, 529, 530, 531, 1106, 1102, 1102, 1102, 1102, 1102, 1102, 1102, 1102
1102, 1103, 96, 97, 98, 99, 100, 101, 102, 103, 104, 105, 106, 107, 108, 109, 110, 416, 417, 418, 512, 513, 514, 1024, 1024, 517, 518, 519, 520, 521, 522, 352, 353, 354, 355, 356, 357, 358, 359, 360, 361, 362, 352, 512, 513, 514, 512, 513, 1053, 1053, 516, 309, 309, 309, 309, 309, 309, 518, 519, 520, 521, 522, 523, 524, 525, 526, 527, 528, 529, 530, 531, 1106, 1105, 1102, 1102, 1102, 1102, 1102, 1102, 1102
1102, 1103, 128, 129, 130, 131, 132, 133, 134, 135, 136, 137, 138, 664, 664, 141, 142, 448, 449, 450, 451, 452, 453, 1024, 1024, 480, 481, 482, 483, 484, 485, 384, 385, 386, 387, 388, 389, 390, 391, 392, 393, 394, 384, 385, 448, 449, 450, 451, 452, 453, 454, 309, 309, 309, 309, 309, 309, 461, 462, 463, 464, 465, 466, 467, 463, 464, 465, 466, 467, 157, 147, 1106, 1105, 1102, 1102, 1102, 1102, 1102, 1102, 1102
1102, 1103, 160, 161, 162, 163, 164, 165, 166, 167, 168, 169, 170, 664, 664, 1053, 1053, 1053, 481, 482, 483, 484, 485, 664, 664, 512, 513, 514, 515, 516, 517, 416, 417, 418, 419, 420, 421, 422, 423, 424, 664, 664, 416, 417, 480, 481, 482, 483, 484, 485, 486, 309, 309, 309, 1026, 1026, 1026, 493, 494, 495, 496, 497, 498, 499, 495, 496, 497, 498, 499, 189, 179, 1106, 1105, 1102, 1102, 1102, 1102, 1102, 1102, 1102
1102, 1103, 192, 193, 194, 195, 196, 197, 198, 199, 200, 201, 202, 664, 664, 1053, 1053, 1053, 513, 514, 515, 516, 517, 664, 664, 520, 521, 522, 523, 524, 525, 448, 449, 450, 451, 452, 453, 454, 455, 456, 664, 664, 448, 449, 512, 513, 514, 515, 516, 517, 518, 309, 309, 309, 1026, 1026, 1026, 525, 526, 527, 528, 529, 530, 531, 527, 528, 529, 530, 531, 221, 211, 1106, 1105, 1102, 1102, 1102, 1102, 1102, 1102, 1102
1102, 1103, 224, 225, 226, 227, 228, 229, 230, 231, 232, 233, 234, 235, 236, 237, 238, 239, 480, 481, 482, 483, 484, 485, 486, 487, 488, 489, 490, 491, 492, 480, 481, 482, 1053, 1053, 485, 486, 487, 488, 664, 664, 480, 481, 482, 483, 484, 485, 486, 487, 488, 489, 490, 491, 492, 493, 494, 495, 496, 497, 498, 499, 497, 498, 499, 307, 308, 309, 310, 253, 243, 1106, 1102, 1102, 1102, 1102, 1102, 1102, 1102, 1102
1102, 1103, 256, 257, 258, 259, 260, 261, 262, 263, 264, 265, 266, 267, 268, 269, 270, 271, 512, 513, 514, 515, 516, 517, 518, 519, 520, 521, 522, 523, 524, 512, 513, 514, 1053, 1053, 517, 518, 519, 520, 664, 664, 512, 513, 514, 515, 516, 517, 518, 519, 520, 521, 522, 523, 524, 525, 526, 527, 528, 529, 530, 531, 529, 530, 531, 339, 340, 341, 342, 285, 275, 1106, 1102, 1102, 1102, 1102, 1102, 1102, 1102, 1102
1102, 1103, 288, 289, 290, 291, 292, 293, 294, 295, 296, 297, 298, 299, 300, 301, 302, 303, 304, 305, 306, 307, 179, 499, 198, 199, 200, 201, 291, 292, 293, 355, 356, 177, 1053, 1053, 360, 361, 362, 363, 664, 664, 664, 664, 327, 328, 259, 260, 261, 355, 356, 357, 358, 359, 360, 361, 362, 363, 364, 365, 366, 367, 368, 369, 370, 371, 372, 373, 374, 317, 307, 1106, 1105, 1102, 1102, 1102, 1102, 1102, 1102, 1102
1102, 1103, 320, 321, 322, 323, 324, 325, 326, 327, 328, 329, 330, 331, 332, 333, 334, 335, 664, 664, 338, 339, 211, 531, 230, 231, 232, 233, 664, 664, 325, 387, 388, 177, 1053, 1053, 392, 393, 394, 395, 664, 664, 664, 664, 359, 360, 291, 292, 293, 387, 388, 389, 390, 391, 392, 393, 394, 395, 396, 397, 398, 399, 400, 401, 402, 403, 404, 405, 406, 349, 339, 1106, 1105, 1102, 1102, 1102, 1102, 1102, 1102, 1102
1102, 1103, 352, 353, 354, 355, 356, 357, 358, 359, 360, 361, 362, 363, 364, 365, 366, 367, 664, 664, 664, 1053, 1053, 1053, 664, 664, 664, 664, 664, 664, 664, 419, 420, 421, 1053, 1053, 424, 425, 426, 427, 664, 664, 389, 390, 391, 392, 1026, 1026, 1026, 335, 335, 421, 422, 423, 424, 425, 426, 427, 428, 429, 430, 431, 432, 433, 434, 435, 436, 437, 438, 381, 371, 1106, 1105, 1102, 1102, 1102, 1102, 1102, 1102, 1102
1102, 1103, 384, 385, 386, 387, 388, 389, 390, 391, 392, 393, 394, 395, 396, 397, 398, 399, 400, 664, 664, 1053, 1053, 1053, 664, 664, 664, 664, 664, 664, 664, 451, 452, 453, 1053, 1053, 456, 457, 458, 459, 664, 664, 332, 332, 423, 424, 1026, 1026, 1026, 335, 335, 453, 454, 455, 456, 457, 458, 459, 460, 461, 462, 463, 464, 465, 466, 467, 468, 469, 470, 413, 403, 1106, 1105, 1102, 1102, 1102, 1102, 1102, 1102, 1102
1102, 1103, 416, 417, 418, 419, 420, 421, 422, 423, 424, 425, 426, 427, 428, 429, 430, 431, 432, 332, 332, 332, 307, 325, 326, 327, 328, 329, 664, 664, 421, 483, 484, 485, 486, 487, 488, 489, 490, 491, 664, 664, 332, 664, 664, 456, 387, 388, 389, 483, 484, 485, 486, 487, 488, 489, 490, 491, 492, 493, 494, 495, 496, 497, 498, 499, 500, 501, 502, 445, 435, 1106, 1102, 1102, 1102, 1102, 1102, 1102, 1102, 1102
1102, 1103, 448, 449, 450, 451, 452, 453, 454, 455, 456, 457, 458, 459, 460, 461, 462, 463, 464, 332, 332, 332, 339, 357, 358, 359, 360, 361, 451, 452, 453, 515, 516, 517, 518, 519, 520, 521, 522, 523, 664, 664, 485, 664, 664, 488, 419, 420, 421, 515, 516, 517, 518, 519, 520, 521, 522, 523, 524, 525, 526, 527, 528, 529, 530, 531, 532, 533, 534, 477, 24, 1106, 1102, 1102, 1102, 1102, 1102, 1102, 1102, 1102
1102, 1103, 480, 481, 482, 483, 484, 485, 486, 487, 488, 489, 490, 491, 492, 493, 494, 495, 496, 497, 498, 499, 371, 389, 177, 177, 177, 393, 483, 484, 485, 486, 487, 488, 489, 490, 491, 492, 493, 664, 664, 664, 664, 518, 519, 520, 451, 452, 453, 454, 455, 456, 457, 458, 459, 460, 461, 462, 463, 464, 465, 466, 467, 468, 469, 470, 16, 17, 18, 19, 20, 1106, 1102, 1102, 1102, 1102, 1102, 1102, 1102, 1102
1102, 1103, 512, 513, 514, 515, 516, 517, 518, 519, 520, 521, 522, 523, 524, 525, 526, 527, 528, 529, 530, 531, 403, 421, 177, 177, 177, 425, 515, 516, 517, 518, 519, 520, 521, 522, 523, 524, 525, 664, 664, 664, 664, 530, 531, 532, 483, 484, 485, 486, 487, 488, 489, 490, 491, 492, 493, 494, 495, 496, 497, 498, 499, 500, 501, 502, 48, 49, 50, 51, 52, 1106, 1102, 1102, 1102, 1102, 1102, 1102, 1102, 1102
1102, 1103, 64, 65, 66, 67, 68, 69, 70, 71, 72, 73, 74, 75, 76, 77, 78, 79, 80, 81, 82, 83, 435, 453, 454, 455, 456, 457, 458, 459, 460, 419, 420, 421, 422, 423, 424, 425, 426, 427, 428, 664, 664, 431, 432, 433, 515, 516, 517, 518, 519, 520, 521, 522, 523, 524, 525, 526, 527, 528, 529, 530, 531, 532, 533, 534, 80, 81, 82, 83, 84, 1106, 1102, 1102, 1102, 1102, 1102, 1102, 1102, 1102
1102, 1103, 64, 65, 66, 67, 68, 69, 70, 71, 72, 73, 74, 75, 76, 77, 78, 79, 80, 81, 82, 83, 467, 485, 486, 487, 488, 489, 490, 491, 492, 177, 177, 453, 454, 455, 456, 457, 458, 459, 460, 461, 462, 463, 464, 465, 466, 467, 468, 469, 470, 370, 371, 372, 427, 428, 429, 430, 431, 432, 433, 434, 435, 436, 110, 111, 112, 113, 114, 115, 116, 1106, 1102, 1102, 1102, 1102, 1102, 1102, 1102, 1102
1102, 1103, 96, 97, 98, 99, 100, 101, 102, 103, 104, 105, 106, 107, 108, 109, 110, 111, 112, 113, 114, 115, 499, 517, 518, 519, 520, 521, 522, 523, 524, 177, 177, 485, 486, 487, 488, 489, 490, 491, 492, 493, 494, 495, 496, 497, 498, 499, 500, 501, 502, 402, 403, 404, 459, 460, 461, 462, 463, 464, 465, 466, 467, 468, 142, 143, 144, 145, 146, 147, 148, 1106, 1102, 1102, 1102, 1102, 1102, 1102, 1102, 1102
1102, 1103, 128, 129, 130, 131, 132, 133, 134, 135, 136, 137, 138, 139, 140, 141, 142, 143, 144, 145, 146, 147, 531, 392, 393, 394, 395, 396, 449, 450, 451, 515, 516, 517, 518, 519, 520, 521, 522, 523, 524, 525, 526, 527, 528, 529, 530, 531, 532, 533, 534, 434, 435, 436, 396, 397, 398, 399, 400, 401, 402, 403, 404, 173, 174, 175, 176, 177, 178, 179, 180, 1106, 1102, 1102, 1102, 1102, 1102, 1102, 1102, 1102
1102, 1103, 160, 161, 162, 163, 164, 165, 166, 167, 168, 169, 170, 171, 172, 173, 174, 175, 176, 177, 178, 179, 423, 424, 425, 426, 427, 428, 429, 430, 431, 432, 433, 434, 449, 450, 451, 452, 453, 454, 455, 456, 457, 458, 459, 460, 461, 462, 463, 464, 465, 466, 467, 468, 428, 429, 430, 431, 432, 433, 434, 435, 436, 205, 206, 207, 208, 209, 210, 211, 212, 1106, 1102, 1102, 1102, 1102, 1102, 1102, 1102, 1102
1102, 1103, 192, 193, 194, 195, 196, 197, 198, 199, 200, 201, 202, 203, 204, 205, 206, 207, 208, 209, 210, 211, 455, 456, 457, 458, 459, 460, 461, 462, 463, 464, 465, 466, 467, 468, 308, 308, 177, 178, 179, 180, 239, 449, 450, 451, 452, 453, 454, 455, 456, 457, 458, 459, 460, 461, 462, 463, 464, 465, 466, 467, 468, 237, 238, 239, 240, 241, 242, 243, 244, 1106, 1102, 1102, 1102, 1102, 1102, 1102, 1102, 1102
1102, 1103, 224, 225, 226, 227, 228, 229, 230, 231, 232, 233, 234, 235, 236, 237, 238, 239, 240, 241, 242, 243, 327, 328, 329, 330, 331, 332, 333, 334, 335, 336, 337, 338, 339, 340, 340, 340, 209, 210, 211, 212, 271, 272, 273, 257, 258, 259, 260, 261, 262, 257, 258, 259, 260, 261, 262, 263, 264, 265, 266, 267, 268, 269, 270, 271, 272, 273, 274, 275, 276, 1106, 1102, 1102, 1102, 1102, 1102, 1102, 1102, 1102
1102, 1103, 256, 257, 258, 259, 260, 261, 262, 263, 264, 265, 266, 267, 268, 269, 270, 271, 272, 273, 274, 275, 359, 360, 361, 362, 363, 364, 365, 366, 367, 368, 369, 370, 371, 372, 372, 372, 241, 242, 243, 244, 303, 304, 305, 289, 290, 291, 292, 293, 294, 289, 290, 291, 292, 293, 294, 295, 296, 297, 298, 299, 300, 301, 302, 303, 304, 305, 306, 307, 308, 1106, 1102, 1102, 1102, 1102, 1102, 1102, 1102, 1102
1102, 1103, 288, 289, 290, 291, 292, 293, 294, 295, 296, 297, 298, 299, 300, 301, 302, 303, 304, 305, 306, 307, 391, 392, 393, 394, 395, 396, 397, 398, 399, 400, 401, 402, 403, 404, 404, 404, 273, 274, 275, 276, 335, 336, 337, 321, 322, 323, 324, 325, 326, 321, 322, 323, 324, 325, 326, 327, 328, 329, 330, 331, 332, 333, 334, 335, 336, 337, 338, 339, 340, 1106, 1102, 1102, 1102, 1102, 1102, 1102, 1102, 1102
1102, 1103, 320, 321, 322, 323, 324, 325, 326, 327, 328, 329, 330, 331, 332, 333, 334, 335, 336, 337, 338, 339, 423, 424, 425, 426, 427, 428, 429, 430, 431, 432, 433, 434, 435, 436, 436, 436, 305, 306, 307, 308, 367, 368, 369, 353, 354, 355, 356, 357, 358, 353, 354, 355, 356, 357, 358, 359, 360, 361, 362, 363, 364, 365, 366, 367, 368, 369, 370, 371, 372, 1106, 1102, 1102, 1102, 1102, 1102, 1102, 1102, 1102
1102, 1103, 352, 353, 354, 355, 356, 357, 358, 359, 360, 361, 362, 363, 364, 365, 366, 367, 368, 369, 370, 371, 455, 456, 457, 458, 459, 460, 461, 462, 463, 464, 465, 466, 467, 468, 468, 468, 337, 338, 339, 340, 399, 400, 401, 385, 386, 387, 388, 389, 390, 385, 386, 387, 388, 389, 390, 391, 392, 393, 394, 395, 396, 397, 398, 399, 400, 401, 402, 403, 404, 1106, 1102, 1102, 1102, 1102, 1102, 1102, 1102, 1102
1102, 1103, 384, 385, 386, 387, 388, 389, 390, 391, 392, 393, 394, 395, 396, 397, 398, 399, 400, 401, 402, 403, 353, 354, 355, 356, 357, 358, 359, 360, 361, 362, 363, 364, 365, 366, 367, 368, 369, 370, 371, 372, 431, 432, 433, 417, 418, 419, 420, 421, 422, 417, 418, 419, 420, 421, 422, 423, 424, 425, 426, 427, 428, 429, 430, 431, 432, 433, 434, 435, 436, 1106, 1102, 1102, 1102, 1102, 1102, 1102, 1102, 1102
1102, 1103, 416, 417, 418, 419, 420, 421, 422, 423, 424, 425, 426, 427, 428, 429, 430, 431, 432, 433, 434, 435, 385, 386, 387, 388, 389, 390, 391, 392, 393, 394, 395, 396, 397, 398, 399, 400, 401, 402, 403, 404, 463, 464, 465, 449, 450, 451, 452, 453, 454, 449, 450, 451, 452, 453, 454, 455, 456, 457, 458, 459, 460, 461, 462, 463, 464, 465, 466, 467, 468, 1106, 1102, 1102, 1102, 1102, 1102, 1102, 1102, 1102
1102, 1103, 448, 449, 450, 451, 452, 453, 454, 455, 456, 457, 458, 459, 460, 461, 462, 463, 464, 465, 466, 467, 417, 418, 419, 420, 421, 422, 423, 424, 425, 426, 427, 428, 429, 430, 431, 432, 433, 434, 435, 436, 208, 208, 208, 208, 208, 208, 208, 208, 208, 208, 208, 208, 208, 208, 208, 208, 208, 208, 208, 208, 208, 208, 208, 208, 208, 208, 208, 208, 208, 1106, 1102, 1102, 1102, 1102, 1102, 1102, 1102, 1102
1102, 1103, 480, 481, 482, 483, 484, 485, 486, 487, 488, 489, 490, 491, 492, 493, 494, 495, 496, 497, 498, 499, 449, 450, 451, 452, 453, 454, 455, 456, 457, 458, 459, 460, 461, 462, 463, 464, 465, 466, 467, 468, 208, 208, 208, 208, 208, 208, 208, 208, 208, 208, 208, 208, 208, 208, 208, 208, 208, 208, 208, 208, 208, 208, 208, 208, 208, 208, 208, 208, 208, 1106, 1102, 1102, 1102, 1102, 1102, 1102, 1102, 1102
1102, 1103, 512, 513, 514, 515, 516, 517, 518, 519, 520, 521, 522, 523, 524, 525, 526, 527, 528, 529, 530, 531, 208, 208, 208, 208, 208, 208, 208, 208, 208, 208, 208, 208, 208, 208, 208, 208, 208, 208, 208, 208, 208, 208, 208, 208, 208, 208, 208, 208, 208, 208, 208, 208, 208, 208, 208, 208, 208, 208, 208, 208, 208, 208, 208, 208, 208, 208, 208, 208, 208, 1106, 1102, 1102, 1102, 1102, 1102, 1102, 1102, 1102
1102, 1057, 1065, 1065, 1065, 1065, 1065, 1065, 1065, 1065, 1065, 1065, 1065, 1065, 1065, 1065, 1065, 1065, 1065, 1065, 1065, 1065, 1065, 1065, 1065, 1065, 1065, 1065, 1065, 1065, 1065, 1065, 1065, 1065, 1065, 1065, 1065, 1065, 1065, 1065, 1065, 1065, 1065, 1065, 1065, 1065, 1065, 1065, 1065, 1065, 1065, 1065, 1065, 1065, 1065, 1065, 1065, 1065, 1065, 1065, 1065, 1065, 1065, 1065, 1065, 1065, 1065, 1065, 1065, 1065, 1063, 1068, 1102, 1102, 1102, 1102, 1102, 1102, 1102, 1102
1102, 1102, 1102, 1102, 1102, 1102, 1102, 1102, 1102, 1102, 1102, 1102, 1102, 1102, 1102, 1102, 1102, 1102, 1102, 1102, 1102, 1102, 1174, 1175, 1176, 1177, 1178, 1179, 1180, 1181, 1182, 1174, 1175, 1176, 1177, 1178, 1179, 1180, 1181, 1182, 1174, 1175, 1176, 1177, 1178, 1179, 1180, 1181, 1182, 1174, 1175, 1176, 1102, 1102, 1102, 1102, 1102, 1102, 1102, 1102, 1102, 1102, 1102, 1102, 1102, 1102, 1102, 1102, 1102, 1102, 1102, 1102, 1102, 1102, 1102, 1102, 1102, 1102, 1102, 1102
1102, 1102, 1102, 1102, 1102, 1102, 1102, 1102, 1102, 1102, 1102, 1102, 1102, 1102, 1102, 1102, 1102, 1102, 1102, 1102, 1102, 1102, 1177, 1178, 1179, 1180, 1181, 1182, 1174, 1175, 1176, 1177, 1178, 1179, 1180, 1181, 1182, 1174, 1175, 1176, 1177, 1178, 1179, 1180, 1181, 1182, 1174, 1175, 1176, 1177, 1178, 1179, 1102, 1102, 1102, 1102, 1102, 1102, 1102, 1102, 1102, 1102, 1102, 1102, 1102, 1102, 1102, 1102, 1102, 1102, 1102, 1102, 1102, 1102, 1102, 1102, 1102, 1102, 1102, 1102
1102, 1102, 1102, 1102, 1102, 1102, 1102, 1102, 1102, 1102, 1102, 1102, 1102, 1102, 1102, 1102, 1102, 1102, 1102, 1102, 1102, 1102, 1102, 1102, 1102, 1102, 1102, 1102, 1102, 1102, 1102, 1102, 1102, 1102, 1102, 1102, 1102, 1102, 1102, 1102, 1102, 1102, 1102, 1102, 1102, 1102, 1102, 1102, 1102, 1102, 1102, 1102, 1102, 1102, 1102, 1102, 1102, 1102, 1102, 1102, 1102, 1102, 1102, 1102, 1102, 1102, 1102, 1102, 1102, 1102, 1102, 1102, 1102, 1102, 1102, 1102, 1102, 1102, 1102, 1102
1102, 1102, 1102, 1102, 1102, 1102, 1102, 1102, 1102, 1102, 1102, 1102, 1102, 1102, 1102, 1102, 1102, 1102, 1102, 1102, 1102, 1102, 1102, 1102, 1102, 1102, 1102, 1102, 1102, 1102, 1102, 1102, 1102, 1102, 1102, 1102, 1102, 1102, 1102, 1102, 1102, 1102, 1102, 1102, 1102, 1102, 1102, 1102, 1102, 1102, 1102, 1102, 1102, 1102, 1102, 1102, 1102, 1102, 1102, 1102, 1102, 1102, 1102, 1102, 1102, 1102, 1102, 1102, 1102, 1102, 1102, 1102, 1102, 1102, 1102, 1102, 1102, 1102, 1102, 1102
1102, 1102, 1102, 1102, 1102, 1102, 1102, 1102, 1102, 1102, 1102, 1102, 1102, 1102, 1102, 1102, 1102, 1102, 1102, 1102, 1102, 1102, 1102, 1102, 1102, 1102, 1102, 1102, 1102, 1102, 1102, 1102, 1102, 1102, 1102, 1102, 1102, 1102, 1102, 1102, 1102, 1102, 1102, 1102, 1102, 1102, 1102, 1102, 1102, 1102, 1102, 1102, 1102, 1102, 1102, 1102, 1102, 1102, 1102, 1102, 1102, 1102, 1102, 1102, 1102, 1102, 1102, 1102, 1102, 1102, 1102, 1102, 1102, 1102, 1102, 1102, 1102, 1102, 1102, 1102
1102, 1102, 1102, 1102, 1102, 1102, 1102, 1102, 1102, 1102, 1102, 1102, 1102, 1102, 1102, 1102, 1102, 1102, 1102, 1102, 1102, 1102, 1102, 1102, 1102, 1102, 1102, 1102, 1102, 1102, 1102, 1102, 1102, 1102, 1102, 1102, 1102, 1102, 1102, 1102, 1102, 1102, 1102, 1102, 1102, 1102, 1102, 1102, 1102, 1102, 1102, 1102, 1102, 1102, 1102, 1102, 1102, 1102, 1102, 1102, 1102, 1102, 1102, 1102, 1102, 1102, 1102, 1102, 1102, 1102, 1102, 1102, 1102, 1102, 1102, 1102, 1102, 1102, 1102, 1102
1102, 1102, 1102, 1102, 1102, 1102, 1102, 1102, 1102, 1102, 1102, 1102, 1102, 1102, 1102, 1102, 1102, 1102, 1102, 1102, 1102, 1102, 1102, 1102, 1102, 1102, 1102, 1102, 1102, 1102, 1102, 1102, 1102, 1102, 1102, 1102, 1102, 1102, 1102, 1102, 1102, 1102, 1102, 1102, 1102, 1102, 1102, 1102, 1102, 1102, 1102, 1102, 1102, 1102, 1102, 1102, 1102, 1102, 1102, 1102, 1102, 1102, 1102, 1102, 1102, 1102, 1102, 1102, 1102, 1102, 1102, 1102, 1102, 1102, 1102, 1102, 1102, 1102, 1102, 1102
1102, 1102, 1102, 1102, 1102, 1102, 1102, 1102, 1102, 1102, 1102, 1102, 1102, 1102, 1102, 1102, 1102, 1102, 1102, 1102, 1102, 1102, 1102, 1102, 1102, 1102, 1102, 1102, 1102, 1102, 1102, 1102, 1102, 1102, 1102, 1102, 1102, 1102, 1102, 1102, 1102, 1102, 1102, 1102, 1102, 1102, 1102, 1102, 1102, 1102, 1102, 1102, 1102, 1102, 1102, 1102, 1102, 1102, 1102, 1102, 1102, 1102, 1102, 1102, 1102, 1102, 1102, 1102, 1102, 1102, 1102, 1102, 1102, 1102, 1102, 1102, 1102, 1102, 1102, 1102
1102, 1102, 1102, 1102, 1102, 1102, 1102, 1102, 1102, 1102, 1102, 1102, 1102, 1102, 1102, 1102, 1102, 1102, 1102, 1102, 1102, 1102, 1102, 1102, 1102, 1102, 1102, 1102, 1102, 1102, 1102, 1102, 1102, 1102, 1102, 1102, 1102, 1102, 1102, 1102, 1102, 1102, 1102, 1102, 1102, 1102, 1102, 1102, 1102, 1102, 1102, 1102, 1102, 1102, 1102, 1102, 1102, 1102, 1102, 1102, 1102, 1102, 1102, 1102, 1102, 1102, 1102, 1102, 1102, 1102, 1102, 1102, 1102, 1102, 1102, 1102, 1102, 1102, 1102, 1102
1102, 1102, 1102, 1102, 1102, 1102, 1102, 1102, 1102, 1102, 1102, 1102, 1102, 1102, 1102, 1102, 1102, 1102, 1102, 1102, 1102, 1102, 1102, 1102, 1102, 1102, 1102, 1102, 1102, 1102, 1102, 1102, 1102, 1102, 1102, 1102, 1102, 1102, 1102, 1102, 1102, 1102, 1102, 1102, 1102, 1102, 1102, 1102, 1102, 1102, 1102, 1102, 1102, 1102, 1102, 1102, 1102, 1102, 1102, 1102, 1102, 1102, 1102, 1102, 1102, 1102, 1102, 1102, 1102, 1102, 1102, 1102, 1102, 1102, 1102, 1102, 1102, 1102, 1102, 1102
1102, 1102, 1102, 1102, 1102, 1102, 1102, 1102, 1102, 1102, 1102, 1102, 1102, 1102, 1102, 1102, 1102, 1102, 1102, 1102, 1102, 1102, 1102, 1102, 1102, 1102, 1102, 1102, 1102, 1102, 1102, 1102, 1102, 1102, 1102, 1102, 1102, 1102, 1102, 1102, 1102, 1102, 1102, 1102, 1102, 1102, 1102, 1102, 1102, 1102, 1102, 1102, 1102, 1102, 1102, 1102, 1102, 1102, 1102, 1102, 1102, 1102, 1102, 1102, 1102, 1102, 1102, 1102, 1102, 1102, 1102, 1102, 1102, 1102, 1102, 1102, 1102, 1102, 1102, 1102
